  AAAAA  TTTTT   3.38   0.99     21  12.27   0.45     19 -16.51   3.39     23
  AAAAC  GTTTT   4.05   0.72     17  12.27   0.28      9 -14.47   1.03     22
  AAAAG  CTTTT   3.68   0.60     66  12.66   0.38     56 -14.68   2.41     69
  AAAAT  ATTTT   3.63   0.52     39  12.54   0.26     34 -14.89   1.46     53
  AAACA  TGTTT   4.65   0.62     27  12.34   0.28     26 -13.05   0.56     27
  AAACC  GGTTT   4.06   0.27     22  13.12   0.17      8 -12.41   0.58     77
  AAACG  CGTTT   4.43   0.16     21  12.33   0.22     20 -13.15   0.36     26
  AAACT  AGTTT   3.85   0.10      4  13.09   0.46      3 -12.78   1.88      4
  AAAGA  TCTTT   4.02   0.41      7  13.18   0.36      7 -10.71   1.04      7
  AAAGC  GCTTT   4.03   0.50     43  13.37   0.31     32 -10.58   1.61     59
  AAAGG  CCTTT   4.05   0.30     13  13.52   0.35      9  -9.21   0.73     13
  AAAGT  ACTTT   3.35   0.59     61  13.43   0.39     50 -11.68   1.76     73
  AAATA  TATTT   3.79   0.74     10  12.73   0.41      9 -12.63   1.67     10
  AAATC  GATTT   4.12   0.44    508  13.22   0.33    451 -12.27   0.70    510
  AAATG  CATTT   3.84   0.46    236  12.99   0.39    189 -11.76   0.94    252
  AAATT  AATTT   2.85   0.59     37  12.95   0.32     21 -14.95   1.88     76
  AACAA  TTGTT   4.97   0.37     16  12.21   0.33     14 -10.17   0.66     21
  AACAC  GTGTT   5.05   0.34     12  12.55   0.53     10  -9.40   0.63     16
  AACAG  CTGTT   4.95   0.23     22  12.68   0.43     22  -9.26   0.61     28
  AACAT  ATGTT   4.30   0.29     10  12.26   0.31      4 -10.22   1.32     56
  AACCA  TGGTT   4.33   0.26     15  13.23   0.25     13  -8.86   0.55     15
  AACCC  GGGTT   4.03   0.26     19  14.00   0.22     15  -7.68   0.74     35
  AACCG  CGGTT   4.36   0.15     20  13.43   0.30     18  -7.97   0.45     20
  AACCT  AGGTT   3.64   0.27     10  14.04   0.38     10  -8.15   0.75     10
  AACGA  TCGTT   4.80   0.35     24  12.84   0.34     23  -9.62   0.52     24
  AACGC  GCGTT   4.64   0.14     54  12.66   0.37      9  -9.91   0.48     72
  AACGG  CCGTT   4.62   0.27     11  12.97   0.27     10 -10.04   0.64     18
  AACGT  ACGTT   4.21   0.25     17  12.71   0.34     17 -10.39   0.39     17
  AACTA  TAGTT   4.24   0.55     15  13.87   0.27     12  -6.07   1.56     17
  AACTC  GAGTT   3.95   0.20     18  14.09   0.23     15  -5.23   0.46     18
  AACTG  CAGTT   4.49   0.38     14  13.51   0.41     11  -5.42   0.83     17
  AAGAA  TTCTT   4.80   0.13      5  14.01   0.31      4  -3.46   0.35     16
  AAGAC  GTCTT   4.65   0.30     16  13.69   0.29     12  -3.82   0.63     31
  AAGAG  CTCTT   4.68   0.34      7  13.99   0.48      6  -3.22   0.68      7
  AAGAT  ATCTT   3.90   0.36      9  13.90   0.27      9  -3.55   0.68     23
  AAGCA  TGCTT   4.61   0.34    110  13.88   0.30    102  -1.47   0.46    114
  AAGCC  GGCTT   4.17   0.44     22  14.19   0.25     18  -1.55   0.48     36
  AAGCG  CGCTT   4.63   0.19     22  13.61   0.22     21  -1.91   0.36     22
  AAGCT  AGCTT   4.14   0.33     12  14.32   0.32     12  -1.56   0.34     12
  AAGGA  TCCTT   4.31   0.24      7  14.13   0.31      6  -1.33   0.29      7
  AAGGC  GCCTT   4.51   0.10      9  14.20   0.46      9  -1.50   0.34     11
  AAGGG  CCCTT   4.42   0.27      8  14.48   0.23      6  -0.14   0.41      8
  AAGGT  ACCTT   3.75   0.38     23  14.22   0.34     17  -1.48   0.85     51
  AAGTA  TACTT   4.03   0.56     66  13.81   0.51     60  -4.26   0.82     67
  AAGTC  GACTT   3.74   0.52    106  14.17   0.34     76  -4.07   0.84    106
  AAGTG  CACTT   4.14   0.34     18  13.60   0.36     16  -4.48   1.09     18
  AAGTT  AACTT   3.34   0.49     18  13.60   0.38     16  -6.26   0.87     18
  AATAA  TTATT   5.53   0.45    154  12.74   0.36    150  -9.65   0.82    154
  AATAC  GTATT   5.30   0.39     18  12.74   0.37     12 -10.45   0.80     24
  AATAG  CTATT   4.65   1.16      7  12.83   0.44      7 -11.61   3.04      7
  AATAT  ATATT   4.80   0.81      9  13.25   0.48      8 -10.43   0.89      9
  AATCA  TGATT   4.46   0.51   1112  13.44   0.42   1016  -9.91   0.87   1112
  AATCC  GGATT   4.19   0.46     41  14.09   0.42     33  -9.67   0.81     60
  AATCG  CGATT   4.56   0.26     45  13.45   0.34     41  -9.51   0.64     47
  AATCT  AGATT   3.75   0.80     10  13.85   0.48      6 -10.31   0.89     13
  AATGA  TCATT   4.46   0.53    735  13.34   0.39    655  -9.02   0.98    739
  AATGC  GCATT   4.89   0.52     10  13.21   0.37      9  -9.59   0.40     11
  AATGG  CCATT   5.08   0.29     19  13.22   0.39     17  -8.98   0.46     19
  AATGT  ACATT   4.27   0.65     15  12.81   0.55     15 -10.82   1.17     38
  AATTA  TAATT   4.36   0.57    169  13.09   0.36    152 -12.20   0.82    169
  AATTC  GAATT   3.75   0.42     22  13.61   0.32     11 -11.18   0.72     22
  AATTG  CAATT   4.24   0.49     91  13.00   0.31     85 -11.93   0.95     91
  ACAAA  TTTGT   5.21   0.41     28  12.47   0.41     27 -12.03   0.63     42
  ACAAC  GTTGT   5.58   0.26      7  12.77   0.22      4 -11.70   0.52     11
  ACAAG  CTTGT   5.19   0.19     10  12.87   0.39     10 -10.72   0.70     10
  ACACA  TGTGT   5.50   0.39      8  12.55   0.32      8  -9.33   0.49     10
  ACACC  GGTGT   5.31   0.16     18  13.12   0.30     12  -8.57   0.52     32
  ACACG  CGTGT   5.47   0.14     19  12.18   0.33     18  -9.43   0.37     19
  ACAGA  TCTGT   5.33   0.30      7  13.25   0.56      7  -7.00   0.53     36
  ACAGC  GCTGT   5.31   0.22     25  13.01   0.35     24  -7.34   0.62     25
  ACAGG  CCTGT   5.29   0.13      8  13.26   0.50      8  -6.78   0.58     20
  ACAGT  ACTGT   5.20   0.32     12  13.15   0.61      9  -8.12   0.92     19
  ACATA  TATGT   5.14   0.17      8  13.33   0.38      8  -8.52   0.82     17
  ACATC  GATGT   4.82   0.40     70  13.42   0.33     40  -8.65   0.73    103
  ACATG  CATGT   4.99   0.21     47  12.71   0.47     47 -10.15   0.94    110
  ACCAA  TTGGT   5.08   0.32     13  12.84   0.51     11  -4.69   0.86     13
  ACCAC  GTGGT   5.38   0.18     15  13.04   0.45      9  -5.00   0.50     70
  ACCAG  CTGGT   5.19   0.16     13  13.53   0.18     12  -4.44   0.47     15
  ACCCA  TGGGT   4.66   0.24     36  14.11   0.29     28  -3.38   0.57     53
  ACCCC  GGGGT   4.58   0.18     68  14.99   0.34     19  -2.37   0.56    168
  ACCCG  CGGGT   4.70   0.17     24  13.89   0.25     21  -3.53   0.57     24
  ACCGA  TCGGT   5.02   0.18      9  13.64   0.36      8  -4.29   1.04     10
  ACCGC  GCGGT   5.08   0.11     47  13.35   0.32      6  -4.55   0.45     89
  ACCGG  CCGGT   5.16   0.14     13  13.30   0.57     12  -5.03   0.61     19
  ACCTA  TAGGT   4.68   0.26      7  14.06   0.42      5  -1.54   0.56      9
  ACCTC  GAGGT   4.37   0.29     64  14.58   0.34     19  -0.88   0.47    125
  ACCTG  CAGGT   4.54   0.19     10  13.87   0.28      8  -1.68   0.32     16
  ACGAA  TTCGT   5.21   0.26      9  13.16   0.28      9  -6.66   0.49     15
  ACGAC  GTCGT   5.34   0.20    182  13.35   0.36    164  -6.61   0.54    183
  ACGAG  CTCGT   5.13   0.15      7  13.51   0.22      6  -6.50   0.36      7
  ACGCA  TGCGT   5.27   0.20      5  12.68   0.30      4  -4.25   0.31      5
  ACGCC  GGCGT   5.08   0.12     11  13.30   0.36     10  -3.63   0.47     13
  ACGCG  CGCGT   5.20   0.14     14  12.42   0.37     14  -4.73   0.30    277
  ACGGA  TCCGT   5.06   0.10      3  13.73   0.13      3  -3.36   0.50      9
  ACGGC  GCCGT   5.08   0.14     16  13.22   0.25     16  -3.97   0.29     18
  ACGGG  CCCGT   4.92   0.12      9  13.69   0.21      9  -2.81   0.34      9
  ACGGT  ACCGT   4.73   0.24     12  13.33   0.24     11  -4.79   0.45     13
  ACGTA  TACGT   4.84   0.13     13  12.72   0.19     12  -7.92   0.42     16
  ACGTC  GACGT   4.70   0.13     17  13.08   0.27     16  -7.92   0.31     20
  ACGTG  CACGT   4.85   0.15      7  12.56   0.32      7  -8.78   0.23      9
  ACTAA  TTAGT   5.73   0.26     18  12.99   0.38     18  -8.10   0.51     18
  ACTAC  GTAGT   5.62   0.40     40  13.43   0.41     28  -8.16   0.98     47
  ACTAG  CTAGT   5.13   0.24      5  13.69   0.26      5  -7.44   0.28      5
  ACTCA  TGAGT   4.89   0.38     17  14.17   0.58     15  -7.50   0.63     17
  ACTCC  GGAGT   4.73   0.27     41  14.59   0.29     21  -6.75   0.69     53
  ACTCG  CGAGT   4.93   0.17     26  13.76   0.20     24  -7.78   0.39     29
  ACTGA  TCAGT   5.48   0.07      4  13.83   0.15      3  -7.10   0.34      6
  ACTGC  GCAGT   5.40   0.26     35  13.40   0.39     31  -7.79   0.78     39
  ACTGG  CCAGT   5.32   0.15     13  13.59   0.24     12  -7.24   0.49     15
  ACTTA  TAAGT   4.48   0.31     20  13.67   0.23     16  -9.96   0.48     20
  ACTTC  GAAGT   4.31   0.27     37  14.14   0.37     18  -8.83   0.61     98
  ACTTG  CAAGT   4.52   0.31     18  13.39   0.27     15 -10.21   0.77     18
  AGAAA  TTTCT   4.74   0.20      6  13.69   0.16      4 -10.55   0.23      6
  AGAAC  GTTCT   4.85   0.13      7  13.66   0.32      7 -10.59   0.51     47
  AGAAG  CTTCT   4.50   0.43      9  13.97   0.34      5 -10.30   0.43     10
  AGACA  TGTCT   4.99   0.21     12  13.63   0.25     11  -8.49   0.28     12
  AGACC  GGTCT   4.73   0.23     13  14.25   0.23     11  -8.04   0.36     22
  AGACG  CGTCT   4.83   0.20     15  13.43   0.28     15  -8.81   0.90     27
  AGACT  AGTCT   4.57   0.33      7  14.52   0.19      6  -7.81   0.45      7
  AGAGA  TCTCT   5.00   0.27     11  14.56   0.40      8  -6.62   0.81     11
  AGAGC  GCTCT   5.04   0.06      9  14.41   0.37      5  -6.50   0.40      9
  AGAGG  CCTCT   4.97   0.25     18  14.50   0.31     15  -6.38   0.79     20
  AGAGT  ACTCT   4.86   0.23      6  14.20   0.49      6  -7.83   0.42      6
  AGATA  TATCT   4.72   0.33      9  13.95   0.35      8  -8.23   0.53     12
  AGATC  GATCT   4.36   0.30     35  14.49   0.28     23  -8.23   0.53     55
  AGATG  CATCT   4.66   0.26     59  14.03   0.24     52  -7.85   0.45     65
  AGCAA  TTGCT   5.08   0.31    122  13.52   0.28    114  -3.36   0.46    122
  AGCAC  GTGCT   5.43   0.18      8  13.39   0.28      8  -3.79   0.29     13
  AGCAG  CTGCT   5.16   0.27     22  13.53   0.40     21  -3.60   0.38     24
  AGCCA  TGGCT   4.53   0.30     27  14.24   0.33     23  -2.76   0.37     29
  AGCCC  GGGCT   4.61   0.22     14  14.63   0.27     11  -2.48   0.45     19
  AGCCG  CGGCT   4.83   0.12     19  13.85   0.27     16  -3.04   0.29     21
  AGCGA  TCGCT   5.19   0.21      9  13.63   0.27      9  -3.56   0.68      9
  AGCGC  GCGCT   5.18   0.13     22  13.82   0.14      7  -3.87   0.37     76
  AGCGG  CCGCT   5.15   0.20      9  13.62   0.19      8  -3.78   0.16     11
  AGCGT  ACGCT   4.86   0.26      9  13.64   0.19      8  -3.93   0.19      9
  AGCTA  TAGCT   4.88   0.16     17  14.20   0.21     15  -1.30   0.25     19
  AGCTC  GAGCT   4.63   0.11     16  14.63   0.22     10  -0.83   0.33     21
  AGCTG  CAGCT   4.80   0.19      6  14.01   0.23      6  -1.38   0.40     12
  AGGAA  TTCCT   4.76   0.22     11  14.41   0.28      9  -4.88   0.57     19
  AGGAC  GTCCT   4.81   0.11     16  14.36   0.23     11  -5.39   0.68     16
  AGGAG  CTCCT   4.63   0.19     10  14.51   0.17      7  -4.81   0.32     10
  AGGCA  TGCCT   4.82   0.14     25  14.34   0.31     19  -2.38   0.39     35
  AGGCC  GGCCT   4.72   0.17     18  14.74   0.29     17  -2.20   0.38     21
  AGGCG  CGCCT   4.77   0.10     26  14.13   0.29     24  -2.82   0.27     26
  AGGCT  AGCCT   4.33   0.17      7  14.97   0.31      6  -2.34   0.24      9
  AGGGA  TCCCT   4.68   0.17     16  14.83   0.28     13  -1.76   0.57     19
  AGGGC  GCCCT   4.73   0.06      8  14.88   0.08      5  -1.88   0.48      8
  AGGGG  CCCCT   4.62   0.09     11  14.99   0.12     10  -1.32   0.24     11
  AGGGT  ACCCT   4.29   0.19     22  15.01   0.32     20  -2.62   0.48     45
  AGGTA  TACCT   4.33   0.40     50  14.45   0.43     30  -5.43   0.60     53
  AGGTC  GACCT   4.18   0.22    109  14.54   0.30     73  -5.67   0.60    128
  AGGTG  CACCT   4.42   0.14     10  13.98   0.22      9  -6.64   0.54     10
  AGTAA  TTACT   5.37   0.65     79  13.28   0.46     75  -7.55   1.48     82
  AGTAC  GTACT   5.54   0.40     16  13.12   0.45     12  -8.16   1.03     37
  AGTAG  CTACT   5.20   0.34     20  13.42   0.38     19  -8.16   0.80     21
  AGTCA  TGACT   4.89   0.47     78  13.84   0.41     73  -8.11   0.48     78
  AGTCC  GGACT   4.51   0.26     10  14.42   0.27      5  -7.34   0.29     17
  AGTCG  CGACT   4.59   0.30     82  13.76   0.39     76  -8.15   0.70     82
  AGTGA  TCACT   5.22   0.32     29  13.67   0.55     26  -7.10   1.21     29
  AGTGC  GCACT   5.30   0.23     13  13.35   0.26     11  -7.68   0.34     13
  AGTGG  CCACT   5.31   0.17     10  13.51   0.30     10  -7.40   0.50     12
  AGTGT  ACACT   5.10   0.32      8  13.48   0.34      7  -8.48   1.00      9
  AGTTA  TAACT   4.67   0.32     33  13.55   0.45     26 -10.74   0.65     36
  AGTTC  GAACT   4.25   0.21     16  13.67   0.37     11 -10.45   0.86     19
  AGTTG  CAACT   4.38   0.32      9  13.39   0.36      8 -11.29   1.20      9
  ATAAA  TTTAT   5.66   0.43    353  12.32   0.38    346 -12.37   1.36    353
  ATAAC  GTTAT   5.62   0.37     14  13.31   0.17      6 -10.51   0.49     14
  ATAAG  CTTAT   5.48   0.06      5  13.38   0.15      5 -10.54   0.52     19
  ATAAT  ATTAT   5.28   0.28     27  13.20   0.34     23 -11.27   0.92     30
  ATACA  TGTAT   5.82   0.27     23  12.57   0.53     21  -8.93   1.27     24
  ATACC  GGTAT   5.46   0.23     14  13.26   0.37     11  -8.36   0.30     24
  ATACG  CGTAT   5.53   0.19     10  12.38   0.48      9  -9.05   0.35     68
  ATACT  AGTAT   5.37   0.30     12  13.57   0.36      5  -8.21   0.81     12
  ATAGA  TCTAT   5.69   0.19     14  13.30   0.37     12  -7.03   1.06     17
  ATAGC  GCTAT   5.37   0.13      4  13.59   0.26      4  -6.84   0.33      6
  ATAGG  CCTAT   5.60   0.23      8  13.52   0.24      7  -6.87   0.48      8
  ATAGT  ACTAT   4.86   1.30      9  13.61   0.61      6  -8.26   2.06      9
  ATATA  TATAT   5.76   0.51     37  12.43   0.80     34  -8.95   0.99     37
  ATATC  GATAT   5.40   0.41     16  13.34   0.56     14  -8.30   0.32     22
  ATATG  CATAT   5.32   0.15      8  13.00   0.16      5  -8.33   0.56      8
  ATCAA  TTGAT   5.52   0.30    290  12.94   0.36    281  -7.12   0.77    290
  ATCAC  GTGAT   5.35   0.35     50  13.42   0.34     43  -6.53   0.88     61
  ATCAG  CTGAT   5.34   0.28     17  13.45   0.22     17  -6.55   0.66     31
  ATCCA  TGGAT   4.94   0.23    258  13.85   0.33    193  -5.70   0.51    260
  ATCCC  GGGAT   4.81   0.22     83  14.49   0.37     48  -4.91   0.52    127
  ATCCG  CGGAT   4.47   1.04      6  14.03   0.14      4  -4.49   2.68      9
  ATCCT  AGGAT   4.51   0.13     10  14.70   0.34      9  -5.29   0.63     13
  ATCGA  TCGAT   5.23   0.31     74  13.14   0.42     70  -7.08   0.77     88
  ATCGC  GCGAT   5.28   0.16     33  13.30   0.16      7  -6.96   0.51     41
  ATCGG  CCGAT   5.25   0.13      8  13.53   0.31      6  -7.15   0.56     10
  ATCGT  ACGAT   4.80   0.28     17  13.34   0.29     15  -6.85   0.45     17
  ATCTA  TAGAT   4.74   0.78     11  13.57   0.29      9  -3.20   2.21     11
  ATCTC  GAGAT   4.74   0.24     49  14.45   0.34      8  -2.78   0.56     83
  ATCTG  CAGAT   4.98   0.16     14  13.74   0.16      5  -2.70   1.05     43
  ATGAA  TTCAT   5.50   0.16     24  13.11   0.41     11  -6.07   0.36     26
  ATGAC  GTCAT   5.45   0.30    230  13.49   0.29    181  -6.37   0.54    237
  ATGAG  CTCAT   5.23   0.19     26  13.63   0.27     11  -6.05   0.39     35
  ATGAT  ATCAT   4.79   0.43   1141  13.43   0.39   1039  -6.15   1.18   1141
  ATGCA  TGCAT   5.55   0.24     36  12.96   0.33     23  -3.73   0.34     46
  ATGCC  GGCAT   5.33   0.14     18  13.57   0.18      5  -3.12   0.40     65
  ATGCG  CGCAT   5.60   0.20     20  12.61   0.53     16  -4.03   0.54     21
  ATGCT  AGCAT   5.23   0.28      9  13.21   0.63      5  -3.68   0.28     29
  ATGGA  TCCAT   5.34   0.33     79  13.42   0.31     75  -3.37   0.88     87
  ATGGC  GCCAT   5.23   0.17     39  13.81   0.37     29  -3.12   0.56     52
  ATGGG  CCCAT   5.19   0.22     26  13.89   0.33     18  -2.37   0.74     36
  ATGGT  ACCAT   4.97   0.21     10  13.37   0.34      7  -4.33   0.57     18
  ATGTA  TACAT   5.27   0.27     36  12.60   0.49     26  -7.40   0.79     49
  ATGTC  GACAT   5.02   0.27     86  13.37   0.36     56  -7.10   0.71    141
  ATGTG  CACAT   5.15   0.16     13  12.74   0.39      4  -8.83   1.15     18
  ATTAA  TTAAT   5.58   0.50    457  12.73   0.39    441 -11.32   1.06    457
  ATTAC  GTAAT   5.44   0.50    310  13.29   0.35    255 -11.34   1.18    314
  ATTAG  CTAAT   5.57   0.31     19  12.89   0.44     19 -11.58   0.51     19
  ATTCA  TGAAT   5.22   0.22     26  13.43   0.23     20 -10.83   0.44     26
  ATTCC  GGAAT   4.69   0.17    265  14.06   0.20     69  -9.61   0.54    367
  ATTCG  CGAAT   4.88   0.21     30  13.43   0.28     25 -10.56   0.45     32
  ATTCT  AGAAT   4.43   0.18     19  14.08   0.20     14 -10.15   0.50     19
  ATTGA  TCAAT   5.46   0.26    281  12.87   0.33    275 -10.92   0.72    285
  ATTGC  GCAAT   5.15   0.27    161  13.22   0.34    143 -10.60   0.69    165
  ATTGG  CCAAT   5.30   0.21     15  12.74   0.41     15 -10.72   0.67     18
  ATTGT  ACAAT   5.03   0.34      8  12.67   0.45      8 -11.94   1.16     10
  ATTTA  TAAAT   4.75   0.38    528  12.70   0.35    508 -13.87   0.92    530
  ATTTC  GAAAT   4.27   0.25    113  13.35   0.24     20 -12.09   0.60    175
  ATTTG  CAAAT   4.12   0.47     62  12.76   0.38     59 -13.36   0.92     62
  CAAAG  CTTTG   4.52   0.17      4  13.04   0.09      3 -12.85   1.03      4
  CAACG  CGTTG   4.98   0.11     20  12.53   0.17     18 -11.71   0.45     23
  CAAGG  CCTTG   4.65   0.26      9  13.29   0.12      7  -9.16   0.24      9
  CAATG  CATTG   4.69   0.37     17  12.77   0.35     17 -10.42   0.43     20
  CACAG  CTGTG   5.32   0.27      9  12.64   0.32      9  -8.12   0.83      9
  CACCG  CGGTG   4.92   0.17     31  13.03   0.25     30  -6.56   0.45     31
  CACGG  CCGTG   5.10   0.18      9  12.70   0.11      9  -8.46   0.51     10
  CAGAG  CTCTG   5.14   0.17     15  13.83   0.32     15  -3.06   0.35     15
  CAGCG  CGCTG   5.13   0.11     31  13.29   0.29     27  -1.72   0.31     32
  CAGGG  CCCTG   4.85   0.15      7  14.38   0.16      6  -0.14   0.43     13
  CAGTG  CACTG   4.98   0.50      6  12.81   0.69      6  -4.52   0.60      6
  CATAG  CTATG   5.53   0.12      5  12.91   0.13      5  -8.20   0.54      6
  CATCG  CGATG   4.94   0.24     20  13.24   0.26     18  -8.32   0.66     32
  CATGG  CCATG   5.34   0.14      9  12.82   0.33      8  -9.01   0.77     49
  CCAGG  CCTGG   5.40   0.09      8  13.74   0.13      7  -5.54   0.65     13
  CCGGG  CCCGG   5.19   0.14      9  13.69   0.19      8  -3.26   1.30      9
  CGACG  CGTCG   5.19   0.15     65  12.87   0.23     59  -8.49   0.38     72
  CGAGG  CCTCG   5.18   0.14     32  13.86   0.21     29  -6.32   0.35     45
  CGCGG  CCGCG   5.51   0.11     23  12.97   0.28     22  -4.25   0.31    244
  CGGCG  CGCCG   5.09   0.10     49  13.28   0.24     44  -3.17   0.26     51
  CGGGG  CCCCG   4.94   0.09     10  14.09   0.20      7  -1.95   0.32     10
  CGTGG  CCACG   5.64   0.06      8  12.36   0.45      7  -7.87   0.40    107
  CTAAG  CTTAG   5.49   0.12      9  13.32   0.22      8 -10.31   0.53     10
  CTACG  CGTAG   5.77   0.12     27  12.72   0.21     24  -8.43   0.49     61
  CTAGG  CCTAG   5.69   0.17      7  13.63   0.15      7  -6.51   0.22      7
  CTCCG  CGGAG   5.01   0.11     21  13.92   0.17     20  -5.07   0.31     21
  CTCGG  CCGAG   5.65   0.24      4  13.34   0.43      4  -6.12   0.29      6
  CTGAG  CTCAG   5.56   0.14      6  13.62   0.31      6  -6.08   0.61      6
  CTGCG  CGCAG   5.67   0.12     18  12.77   0.24     17  -3.85   0.34     20
  CTGGG  CCCAG   5.39   0.10      8  13.83   0.23      6  -2.47   0.40     41
  CTTCG  CGAAG   4.92   0.24     16  13.59   0.22     14  -9.80   0.55     27
  CTTGG  CCAAG   5.31   0.14      8  13.18   0.32      6  -9.71   0.44     10
  GAAAC  GTTTC   4.74   0.26     14  13.09   0.26     12 -12.76   0.51     18
  GAAAG  CTTTC   4.36   0.24     39  13.30   0.24     22 -11.93   0.79     45
  GAACC  GGTTC   4.46   0.34     23  13.71   0.26     13 -10.08   0.83     30
  GAACG  CGTTC   4.74   0.15     33  13.04   0.19     30 -11.06   0.32     33
  GAAGC  GCTTC   4.82   0.14     22  14.07   0.19     13  -8.01   0.40     94
  GAAGG  CCTTC   4.63   0.16     13  14.30   0.19      5  -7.38   0.37     15
  GAATC  GATTC   4.36   0.47      5  13.81   0.34      4  -9.46   0.50     18
  GAATG  CATTC   4.39   0.31    379  13.69   0.31    297  -9.43   0.53    391
  GACAC  GTGTC   5.49   0.14     22  12.99   0.28     16  -7.25   0.39     22
  GACAG  CTGTC   5.26   0.07      7  13.35   0.12      7  -6.88   0.24      7
  GACCC  GGGTC   4.45   0.14     63  14.66   0.29     45  -5.33   0.51     79
  GACCG  CGGTC   4.69   0.13     39  13.72   0.22     32  -5.99   0.36     39
  GACGC  GCGTC   5.09   0.11     53  13.21   0.23     15  -7.38   0.41    106
  GACGG  CCGTC   5.10   0.07     14  13.37   0.18     13  -7.15   0.31     21
  GACTG  CAGTC   5.00   0.26     18  13.61   0.43     15  -3.96   0.40     20
  GAGAC  GTCTC   5.04   0.17     17  14.17   0.20     14  -3.46   0.61     21
  GAGAG  CTCTC   4.93   0.15     12  14.90   0.16      4  -2.54   0.37     17
  GAGCC  GGCTC   4.67   0.20      4  14.72   0.22      3  -0.53   0.23     13
  GAGCG  CGCTC   5.02   0.15     39  13.92   0.24     37  -1.32   0.26     39
  GAGGC  GCCTC   4.85   0.17     29  14.66   0.30     19  -0.70   0.50     40
  GAGGG  CCCTC   4.78   0.16     34  14.72   0.26     26  -0.03   0.38     34
  GAGTC  GACTC   4.53   0.24     30  14.50   0.27     25  -3.11   0.44     34
  GAGTG  CACTC   4.78   0.22     27  14.09   0.44     26  -3.31   0.77     29
  GATAC  GTATC   5.65   0.27     21  13.39   0.56     11  -8.06   0.50     43
  GATAG  CTATC   5.54   0.73      5  13.18   0.27      4  -8.88   1.88     13
  GATCC  GGATC   4.63   0.37     19  14.61   0.38     15  -7.56   0.63     41
  GATCG  CGATC   4.96   0.35     56  13.70   0.44     50  -7.79   0.45     59
  GATGC  GCATC   5.38   0.25     15  13.57   0.35     13  -7.60   0.57     20
  GATGG  CCATC   5.53   0.20    100  13.39   0.36     94  -7.48   0.54    106
  GATTG  CAATC   4.81   0.29    310  13.24   0.37    293 -10.33   0.59    313
  GCAAG  CTTGC   5.45   0.22     18  13.01   0.26     15  -9.90   0.58     18
  GCACG  CGTGC   5.74   0.13     35  12.46   0.29     33  -8.40   0.33     35
  GCAGC  GCTGC   5.67   0.10     13  13.48   0.25     13  -6.76   0.35     13
  GCAGG  CCTGC   5.52   0.10     11  13.45   0.14      5  -5.92   0.94     13
  GCATG  CATGC   5.50   0.14     28  12.74   0.28     26  -9.43   0.86    114
  GCCAG  CTGGC   5.43   0.16     18  13.62   0.15     18  -3.34   0.42     30
  GCCCG  CGGGC   4.95   0.11     42  14.03   0.17     36  -2.73   0.34     46
  GCCGG  CCGGC   5.36   0.14     13  13.57   0.20      9  -3.58   0.27     16
  GCCTG  CAGGC   4.94   0.13     11  14.03   0.20     10  -1.28   0.52     15
  GCGAG  CTCGC   5.46   0.09     62  13.25   0.22      3  -6.31   0.37     97
  GCGCG  CGCGC   5.54   0.09     17  12.88   0.26      9  -4.22   0.37    365
  GCGGC  GCCGC   5.37   0.10     41  13.52   0.22     21  -3.73   0.44     91
  GCGGG  CCCGC   5.30   0.10     30  13.60   0.28     12  -2.75   0.39     57
  GCGTG  CACGC   5.25   0.10     50  12.33   0.19      9  -7.98   0.50     67
  GCTAG  CTAGC   5.67   0.16      9  13.65   0.23      8  -6.54   0.35      9
  GCTCG  CGAGC   5.20   0.17     38  13.81   0.21     34  -6.78   0.32     39
  GCTGG  CCAGC   5.53   0.15     16  13.56   0.21     16  -5.87   0.39     66
  GCTTG  CAAGC   4.94   0.15     10  13.52   0.24      8  -8.63   0.27     11
  GGAAG  CTTCC   4.63   0.25      4  14.29   0.15      4  -9.44   0.38    171
  GGACC  GGTCC   4.80   0.15      4  14.24   0.26      4  -7.55   0.62     10
  GGACG  CGTCC   5.02   0.09     30  13.58   0.21     26  -8.11   0.66     34
  GGAGC  GCTCC   5.05   0.16     15  14.52   0.32     10  -6.07   0.38     31
  GGAGG  CCTCC   4.93   0.17     22  14.60   0.36     17  -5.75   0.66    134
  GGATG  CATCC   4.84   0.26    291  13.96   0.41    253  -7.65   0.68    400
  GGCAG  CTGCC   5.41   0.16     11  13.65   0.29      9  -3.20   0.54     18
  GGCCG  CGGCC   4.96   0.13     32  13.99   0.27     30  -2.72   0.35     32
  GGCGC  GCGCC   5.41   0.09     28  13.49   0.22      9  -3.39   0.39    115
  GGCGG  CCGCC   5.29   0.12      8  13.64   0.28      8  -3.13   0.29     15
  GGCTG  CAGCC   4.95   0.15     17  13.85   0.30     17  -1.20   0.36     24
  GGGAG  CTCCC   4.85   0.15     15  14.78   0.15      8  -4.60   0.56     58
  GGGCC  GGCCC   4.77   0.13     16  14.75   0.26     13  -1.93   0.41     21
  GGGCG  CGCCC   4.96   0.12     39  13.97   0.22     37  -2.89   0.49     39
  GGGGC  GCCCC   4.82   0.10     20  14.68   0.20     19  -2.13   0.45     29
  GGGGG  CCCCC   4.75   0.18      9  14.81   0.23      4  -1.03   0.34    114
  GGGTG  CACCC   4.77   0.18     17  14.02   0.63     16  -5.89   0.71     41
  GGTAG  CTACC   5.55   0.13     20  13.45   0.23     15  -8.07   1.10     31
  GGTCG  CGACC   4.82   0.20    134  13.68   0.26    122  -8.09   0.37    136
  GGTGC  GCACC   5.56   0.13     28  13.18   0.23     27  -7.89   0.60     35
  GGTGG  CCACC   5.56   0.11     19  13.41   0.27     18  -7.11   0.71     27
  GGTTG  CAACC   4.82   0.16      8  13.02   0.12      7  -4.14   7.08     32
  GTAAC  GTTAC   5.86   0.22     36  12.96   0.22      7 -10.83   0.85     43
  GTAAG  CTTAC   5.62   0.21     30  13.08   0.19     13 -10.31   0.55     43
  GTACC  GGTAC   5.84   0.20     10  13.19   0.27      7  -8.12   0.53     83
  GTACG  CGTAC   5.93   0.15     36  12.47   0.31     31  -8.84   0.55    125
  GTAGC  GCTAC   5.88   0.16     27  13.34   0.28     18  -6.96   0.43     38
  GTAGG  CCTAC   5.76   0.11     16  13.46   0.18      8  -6.19   0.42     24
  GTATG  CATAC   5.93   0.17     20  12.64   0.41      8  -8.42   0.62     20
  GTCAG  CTGAC   5.67   0.17     15  13.39   0.15     14  -6.43   0.23     15
  GTCCC  GGGAC   4.90   0.08     19  14.37   0.24     14  -5.28   0.29     26
  GTCCG  CGGAC   5.08   0.13     12  13.66   0.20     10  -6.07   0.36     22
  GTCGC  GCGAC   5.56   0.12     87  13.19   0.21     15  -6.90   0.51    100
  GTCGG  CCGAC   5.54   0.10     17  13.30   0.25     16  -6.74   0.21     17
  GTCTG  CAGAC   5.22   0.12      4  13.37   0.12      3  -3.97   0.26      5
  GTGAC  GTCAC   6.01   0.21     12  13.03   0.34     12  -6.82   0.33     16
  GTGAG  CTCAC   5.80   0.10     11  13.16   0.13     10  -6.50   0.38     14
  GTGCC  GGCAC   5.66   0.13     17  13.40   0.38     17  -3.41   0.40     18
  GTGCG  CGCAC   5.88   0.16     48  12.50   0.22     44  -4.13   0.29     48
  GTGGC  GCCAC   5.46   0.30     12  13.56   0.31     12  -4.03   0.35     30
  GTGGG  CCCAC   5.41   0.26      9  13.48   0.30      4  -2.94   0.52     38
  GTGTG  CACAC   5.73   0.16      6  12.22   0.34      6  -8.16   0.15      6
  GTTAG  CTAAC   5.80   0.08     13  13.02   0.17     12 -10.65   0.32     14
  GTTCC  GGAAC   4.84   0.18     15  13.82   0.26     14  -9.91   0.60     42
  GTTCG  CGAAC   5.10   0.20     43  13.22   0.33     36 -10.48   0.30     43
  GTTGC  GCAAC   5.70   0.11     16  12.73   0.19     16 -10.75   0.31     16
  GTTGG  CCAAC   5.42   0.45     29  12.88   0.22     10  -9.80   1.02     31
  GTTTG  CAAAC   4.95   0.22     70  12.47   0.31     24 -13.10   0.82     70
  TAAAA  TTTTA   4.89   0.30     13  12.82   0.18     13 -13.29   0.54     13
  TAAAC  GTTTA   5.10   0.12     22  12.64   0.24     19 -13.54   0.47     23
  TAAAG  CTTTA   4.70   0.16     11  13.04   0.22     11 -12.85   0.43     12
  TAACA  TGTTA   5.17   0.25      9  12.47   0.35      9 -11.35   0.53     10
  TAACC  GGTTA   4.87   0.26     15  13.43   0.22     14 -10.83   0.37     28
  TAACG  CGTTA   5.15   0.25     51  12.62   0.39     46 -11.31   0.48     55
  TAAGA  TCTTA   4.93   0.27     10  13.73   0.28      9  -8.51   1.07     25
  TAAGC  GCTTA   5.01   0.23     21  13.68   0.19     20  -8.92   0.35     21
  TAAGG  CCTTA   4.81   0.26     10  13.93   0.35     10  -8.13   0.45     10
  TAATA  TATTA   5.11   0.46    120  13.09   0.37    112  -9.98   0.56    120
  TAATC  GATTA   4.81   0.48    388  13.50   0.42    344 -10.25   0.82    391
  TAATG  CATTA   4.90   0.36    135  12.92   0.42    124 -10.52   0.70    140
  TACAA  TTGTA   5.89   0.29     19  12.57   0.35     19  -7.17   0.49     23
  TACAC  GTGTA   5.74   0.46     24  12.82   0.34     22  -6.58   0.40     24
  TACAG  CTGTA   5.41   0.26     21  12.88   0.42     19  -6.49   0.53     56
  TACCA  TGGTA   5.13   0.13     38  13.36   0.19     33  -5.96   0.28     39
  TACCC  GGGTA   4.71   0.27    136  14.31   0.23     96  -5.01   0.49    168
  TACCG  CGGTA   4.96   0.14     34  13.28   0.23     29  -5.99   0.27     37
  TACGA  TCGTA   5.61   0.22    169  12.84   0.39    164  -6.48   0.46    171
  TACGC  GCGTA   5.32   0.16     35  12.71   0.21      5  -7.22   0.49     63
  TACGG  CCGTA   5.33   0.16      5  12.98   0.32      5  -6.70   0.64      8
  TACTC  GAGTA   4.69   0.58     25  14.19   0.29     21  -3.05   0.52     28
  TACTG  CAGTA   5.13   0.32     28  13.21   0.32     25  -4.20   0.79     35
  TAGAA  TTCTA   5.33   0.07      4  13.69   0.26      4  -3.73   0.29      4
  TAGAC  GTCTA   5.32   0.20     14  13.82   0.16     10  -3.62   0.52     17
  TAGAG  CTCTA   5.41   0.25      8  13.78   0.28      6  -3.22   0.43     13
  TAGCA  TGCTA   5.36   0.20     15  13.61   0.32     14  -1.60   0.34     15
  TAGCC  GGCTA   5.00   0.24     20  14.22   0.25     15  -1.22   0.33     23
  TAGCG  CGCTA   5.22   0.13     11  13.43   0.20     10  -1.63   0.28     12
  TAGGA  TCCTA   4.98   0.22     11  14.08   0.18     11  -1.39   0.15     11
  TAGGC  GCCTA   4.97   0.14     14  14.21   0.22     13  -1.23   0.34     17
  TAGGG  CCCTA   4.99   0.18      8  14.29   0.20      8  -0.56   0.22      8
  TAGTA  TACTA   5.33   0.30     27  13.35   0.43     26  -3.97   0.28     27
  TAGTC  GACTA   5.08   0.30     24  13.64   0.58     24  -3.90   0.51     24
  TAGTG  CACTA   5.11   0.21      8  13.48   0.53      7  -4.24   0.88     11
  TATAA  TTATA   6.07   0.49     43  12.54   0.47     40  -7.14   0.63     45
  TATAC  GTATA   6.01   0.24     32  12.87   0.43     18  -7.88   1.03     40
  TATAG  CTATA   5.79   0.25     13  13.23   0.28     11  -7.69   0.47     14
  TATCA  TGATA   5.38   0.31     69  13.43   0.33     67  -7.32   0.60     82
  TATCC  GGATA   4.98   0.24     28  13.94   0.31     24  -7.47   0.55     44
  TATCG  CGATA   5.32   0.22     17  13.18   0.26     13  -7.63   0.55     18
  TATGA  TCATA   5.84   0.38    125  12.86   0.41    116  -7.00   0.54    128
  TATGC  GCATA   5.76   0.17     16  12.74   0.45     13  -8.11   0.44     17
  TATGG  CCATA   5.88   0.21     17  12.86   0.39     16  -6.69   0.39     17
  TATTC  GAATA   4.51   0.42     13  13.55   0.32     11 -10.01   0.55     13
  TATTG  CAATA   5.02   0.29     51  13.04   0.37     48  -9.70   0.48     51
  TCAAC  GTTGA   5.65   0.25     13  12.92   0.35     13 -10.22   0.47     19
  TCAAG  CTTGA   5.40   0.17     15  13.10   0.24     15  -9.98   0.72     15
  TCACC  GGTGA   5.40   0.20     14  13.63   0.45     13  -7.04   0.56     31
  TCACG  CGTGA   5.71   0.12     25  12.58   0.24     24  -8.08   0.29     27
  TCAGA  TCTGA   5.47   0.18     10  13.54   0.35     10  -6.32   0.64     23
  TCAGC  GCTGA   5.74   0.18     20  13.43   0.21     19  -6.36   0.45     20
  TCAGG  CCTGA   5.47   0.10      9  13.86   0.20      8  -5.31   0.65      9
  TCATC  GATGA   5.08   0.32    431  13.63   0.38    389  -7.37   0.74    491
  TCATG  CATGA   5.27   0.23     13  12.90   0.42     12  -9.26   0.57     83
  TCCAC  GTGGA   5.58   0.12     16  13.44   0.26     14  -3.48   0.38     66
  TCCAG  CTGGA   5.31   0.15     62  13.89   0.35     24  -2.98   0.51    182
  TCCCC  GGGGA   4.76   0.11      8  14.87   0.19      6  -1.44   0.28     65
  TCCCG  CGGGA   4.95   0.10      8  13.92   0.21      7  -2.56   0.22      8
  TCCGC  GCGGA   5.27   0.29     29  13.47   0.16      8  -3.15   0.59     42
  TCCGG  CCGGA   5.39   0.06      3  13.67   0.09      2  -3.19   0.54      6
  TCCTC  GAGGA   4.80   0.14     11  14.49   0.17     11  -0.44   0.33     23
  TCCTG  CAGGA   4.92   0.22     10  14.13   0.47      8  -0.90   0.54     15
  TCGAC  GTCGA   5.64   0.19     11  13.14   0.20      8  -6.68   0.36     20
  TCGAG  CTCGA   5.42   0.12      8  13.34   0.11      8  -6.72   0.58     55
  TCGCC  GGCGA   5.40   0.08     27  13.42   0.19      9  -2.99   0.29     57
  TCGCG  CGCGA   5.42   0.13      9  12.81   0.26      9  -4.27   0.27    254
  TCGGA  TCCGA   5.36   0.10      6  13.69   0.22      6  -3.04   0.65      7
  TCGGC  GCCGA   5.43   0.17      9  13.55   0.14      9  -3.40   0.29     10
  TCGGG  CCCGA   5.22   0.11      9  13.61   0.18      8  -2.92   0.34      9
  TCGTC  GACGA   5.16   0.19     20  13.38   0.47     17  -7.11   0.36     21
  TCGTG  CACGA   5.29   0.09      4  12.46   0.16      4  -7.95   0.40      4
  TCTAC  GTAGA   5.76   0.56      9  13.31   0.24      6  -6.38   1.53     11
  TCTAG  CTAGA   5.84   0.16      7  13.73   0.49      7  -6.98   0.29      7
  TCTCC  GGAGA   4.92   0.19     16  14.50   0.29     12  -6.10   0.24    106
  TCTCG  CGAGA   5.17   0.21     20  13.74   0.27     14  -6.80   0.58     24
  TCTGC  GCAGA   5.75   0.11      6  13.27   0.23      6  -6.69   0.46     13
  TCTGG  CCAGA   5.56   0.21     27  13.78   0.32      8  -6.09   0.93     66
  TCTTC  GAAGA   4.52   0.31      7  14.00   0.26      4  -8.18   0.52     19
  TCTTG  CAAGA   4.92   0.14     15  13.39   0.31     14  -9.12   0.48     15
  TGAAC  GTTCA   5.35   0.27     17  13.30   0.22     15 -10.38   0.34     18
  TGAAG  CTTCA   5.15   0.23     13  13.60   0.17     11 -10.24   0.76     13
  TGACA  TGTCA   5.43   0.27     64  13.23   0.27     57  -8.28   0.47     76
  TGACC  GGTCA   4.94   0.17    141  13.96   0.28    126  -7.96   0.47    144
  TGACG  CGTCA   5.39   0.18     45  13.08   0.36     41  -8.47   0.38     47
  TGAGA  TCTCA   5.29   0.28      6  14.07   0.39      4  -6.62   0.64      6
  TGAGC  GCTCA   5.40   0.27     31  13.97   0.29     30  -6.75   0.40     33
  TGAGG  CCTCA   5.30   0.10      9  13.95   0.16      8  -6.36   0.37      9
  TGATC  GATCA   4.77   0.38     91  14.04   0.36     77  -7.81   0.48    106
  TGATG  CATCA   5.22   0.43    223  13.21   0.36    209  -8.13   0.57    223
  TGCAC  GTGCA   5.94   0.22     23  12.79   0.39     17  -3.74   0.37     23
  TGCAG  CTGCA   5.79   0.22     11  12.96   0.20     11  -3.68   0.37     13
  TGCCC  GGGCA   5.02   0.08     27  14.17   0.26     25  -2.52   0.35     38
  TGCCG  CGGCA   5.17   0.14     24  13.36   0.20     23  -3.11   0.31     26
  TGCGA  TCGCA   5.68   0.24      5  12.77   0.18      3  -3.81   0.34      5
  TGCGC  GCGCA   5.71   0.17     39  12.27   0.47     10  -3.94   0.39     84
  TGCGG  CCGCA   5.59   0.21      9  12.94   0.17      9  -4.13   0.27      9
  TGCTC  GAGCA   5.10   0.24     41  14.19   0.30     33  -0.94   0.38     41
  TGCTG  CAGCA   5.27   0.28     16  13.14   0.43     15  -1.72   0.40     18
  TGGAC  GTCCA   5.19   0.17     12  13.86   0.25     11  -5.78   0.61     20
  TGGAG  CTCCA   5.02   0.29     11  13.96   0.08      6  -5.45   0.48     23
  TGGCA  TGCCA   5.24   0.18     32  13.56   0.21     29  -2.98   0.34     34
  TGGCC  GGCCA   4.93   0.19     22  14.19   0.25     21  -2.54   0.46     33
  TGGCG  CGCCA   5.06   0.46     30  13.40   0.25     23  -2.98   0.75     50
  TGGGA  TCCCA   4.93   0.27     44  13.73   0.72     28  -2.42   0.55     74
  TGGGC  GCCCA   4.96   0.33     23  14.15   0.27     19  -2.77   0.69     25
  TGGGG  CCCCA   4.89   0.11     12  14.10   0.29      9  -2.02   0.49     24
  TGGTC  GACCA   4.84   0.17     37  13.69   0.30     34  -6.17   0.41     49
  TGGTG  CACCA   4.84   0.19     10  13.28   0.29     10  -7.00   0.59     14
  TGTAC  GTACA   6.20   0.23     32  12.55   0.26     19  -8.00   0.54     89
  TGTAG  CTACA   5.74   0.63      8  12.92   0.29      6  -8.60   2.11      8
  TGTCC  GGACA   5.02   0.26     16  13.73   0.27     14  -7.71   0.50     68
  TGTCG  CGACA   5.28   0.17     27  13.02   0.22     25  -8.25   0.26     27
  TGTGA  TCACA   5.84   0.23      8  12.74   0.24      8  -7.82   0.61     12
  TGTGC  GCACA   5.94   0.13     17  12.44   0.26     17  -8.30   0.33     17
  TGTGG  CCACA   5.80   0.16      6  12.61   0.22      5  -7.33   0.34      7
  TGTTC  GAACA   4.85   0.20     19  13.15   0.26     19 -10.91   0.74     68
  TGTTG  CAACA   5.24   0.20      9  12.68   0.21      8 -11.69   0.43      9
  TTAAA  TTTAA   5.73   0.44      8  12.94   0.22      8 -10.70   0.83      8
  TTAAC  GTTAA   5.85   0.32     55  12.77   0.44     52 -10.44   0.67     58
  TTAAG  CTTAA   5.58   0.29      5  13.40   0.33      5  -9.57   0.37      5
  TTACA  TGTAA   5.99   0.31     29  12.60   0.44     29  -7.55   0.46     30
  TTACC  GGTAA   5.43   0.43    212  13.50   0.30    191  -7.21   1.32    250
  TTACG  CGTAA   6.11   0.23    178  12.48   0.39    176  -7.71   0.49    246
  TTAGA  TCTAA   6.00   0.24     10  13.25   0.24      8  -6.61   0.43     10
  TTAGC  GCTAA   5.82   0.19     16  13.53   0.18     16  -6.12   0.32     17
  TTAGG  CCTAA   5.96   0.20      4  13.42   0.31      4  -5.77   0.50      4
  TTATC  GATAA   5.89   0.43     64  13.06   0.39     58  -7.66   1.15     78
  TTATG  CATAA   6.02   0.45    138  12.37   0.48    133  -8.06   0.67    141
  TTCAC  GTGAA   5.94   0.11     10  13.03   0.22     10  -6.21   0.17     10
  TTCAG  CTGAA   5.93   0.22      5  13.20   0.16      5  -5.95   0.19      6
  TTCCA  TGGAA   4.97   0.16     43  13.97   0.29     19  -5.20   0.33     72
  TTCCC  GGGAA   4.73   0.23     19  14.64   0.53      7  -4.39   0.38    290
  TTCCG  CGGAA   5.09   0.10     12  13.61   0.11     10  -5.36   0.35     15
  TTCGA  TCGAA   5.75   0.26      4  13.14   0.10      4  -5.99   0.41     15
  TTCGC  GCGAA   5.53   0.11     86  13.39   0.19     21  -6.08   0.26     90
  TTCGG  CCGAA   5.38   0.15      6  13.55   0.14      5  -6.08   0.36     10
  TTCTC  GAGAA   4.67   0.32     22  14.26   0.22     14  -2.40   0.81     26
  TTCTG  CAGAA   5.14   0.29      5  13.40   0.29      5  -3.52   0.35     36
  TTGAA  TTCAA   6.00   0.25     28  13.17   0.24     28  -5.98   0.39     28
  TTGAC  GTCAA   5.91   0.21     65  12.96   0.31     61  -7.07   0.49     68
  TTGAG  CTCAA   5.90   0.22     12  13.24   0.19      9  -6.36   0.47     12
  TTGCA  TGCAA   5.78   0.22     24  12.62   0.27     23  -3.80   0.57     24
  TTGCC  GGCAA   5.30   0.22     40  13.62   0.35     39  -3.14   0.48     50
  TTGCG  CGCAA   5.81   0.14     16  12.50   0.20     16  -4.14   0.31     18
  TTGGA  TCCAA   5.42   0.44     24  13.68   0.31     22  -2.74   0.97     24
  TTGGC  GCCAA   5.56   0.16     12  13.38   0.20     12  -3.85   0.59     12
  TTGGG  CCCAA   5.44   0.38     28  13.82   0.49     20  -3.45   1.39     31
  TTGTC  GACAA   5.57   0.30      9  12.96   0.41      9  -7.48   0.57     15
  TTGTG  CACAA   5.20   0.35     10  12.38   0.18      6  -8.23   0.90     14
  TTTAC  GTAAA   5.91   0.24    206  12.49   0.33    181 -11.89   0.62    208
  TTTAG  CTAAA   5.82   0.33      8  12.87   0.17      6 -11.18   0.74      9
  TTTCA  TGAAA   5.40   0.38     13  13.16   0.10     13 -10.81   0.18     13
  TTTCC  GGAAA   4.63   0.23     24  13.83   0.40     12 -10.09   0.42    298
  TTTCG  CGAAA   4.98   0.21     24  13.11   0.19     20 -10.58   0.38     24
  TTTGA  TCAAA   5.60   0.34     79  12.84   0.29     76 -10.28   0.69     79
  TTTGC  GCAAA   5.41   0.26     14  13.00   0.33      9 -10.88   0.88     17
  TTTGG  CCAAA   5.42   0.34     25  13.11   0.27     24  -9.32   0.59     25
  TTTTC  GAAAA   4.35   0.52     30  13.02   0.13      9 -13.16   1.61    104
  TTTTG  CAAAA   4.76   0.27     12  12.63   0.31      9 -13.79   1.07     27
