  AAAAA  TTTTT  -0.97   0.15     23  -0.99   0.14     23  -5.05   2.87     23  -5.09   2.80     23  37.74   1.08     23  38.01   0.92     23
  AAAAC  GTTTT  -1.01   0.07     22  -1.10   0.06     21  -3.62   2.22     22  -4.80   2.40     21  37.13   0.75     22  36.95   0.63     21
  AAAAG  CTTTT  -1.05   0.10     69  -1.23   0.10     67  -4.23   1.61     69  -6.47   2.29     67  37.02   0.80     69  37.18   0.71     67
  AAAAT  ATTTT  -1.08   0.07     53  -1.22   0.09     53  -3.56   1.71     53  -5.12   2.38     53  36.93   0.54     53  37.68   0.59     53
  AAACA  TGTTT  -1.06   0.03     27  -1.54   0.02     27  -2.98   2.50     27  -2.89   1.40     27  36.59   0.69     27  35.22   0.60     27
  AAACC  GGTTT  -1.13   0.03     75  -1.61   0.05     26  -3.75   0.88     75  -4.65   1.47     26  36.34   0.49     75  36.20   0.55     26
  AAACG  CGTTT  -1.07   0.03     26  -1.53   0.03     24  -2.94   0.56     26  -3.27   0.58     24  36.57   0.36     26  35.48   0.27     24
  AAACT  AGTTT  -1.18   0.02      4  -1.73   0.01      4  -4.30   0.88      4  -5.49   0.59      4  35.86   0.46      4  36.86   0.50      4
  AAAGA  TCTTT  -1.21   0.06      7  -1.76   0.06      7  -4.76   1.11      7  -3.21   1.70      7  36.69   0.73      7  33.18   0.41      7
  AAAGC  GCTTT  -1.24   0.07     47  -1.79   0.09     59  -5.07   1.91     47  -3.95   1.80     59  36.56   0.74     47  32.81   0.64     59
  AAAGG  CCTTT  -1.25   0.05     13  -1.87   0.04     13  -4.80   1.08     13  -5.06   2.00     13  35.88   0.37     13  32.79   0.39     13
  AAAGT  ACTTT  -1.24   0.09     61  -1.83   0.12     73  -6.36   2.09     61  -4.78   2.43     73  36.93   0.78     61  33.88   0.72     73
  AAATA  TATTT  -1.20   0.09     10  -1.52   0.13     10  -3.91   1.78     10  -6.42   2.88     10  37.22   0.83     10  33.85   1.08     10
  AAATC  GATTT  -1.22   0.05    508  -1.55   0.05    510  -2.43   1.43    508  -5.36   1.53    510  36.55   0.54    508  33.42   0.55    510
  AAATG  CATTT  -1.22   0.06    252  -1.56   0.07    252  -4.21   1.98    252  -7.00   1.67    252  36.86   0.63    252  33.42   0.57    252
  AAATT  AATTT  -1.29   0.06     50  -1.64   0.06     76  -5.00   1.52     50  -8.57   1.23     76  37.52   0.54     50  35.11   0.67     76
  AACAA  TTGTT  -1.54   0.03     21  -1.25   0.12     21  -2.29   0.88     21   6.26   1.48     21  34.60   0.57     21  35.64   0.51     21
  AACAC  GTGTT  -1.52   0.05     16  -1.32   0.09     16  -2.42   1.05     16   4.19   2.49     16  34.68   0.43     16  35.07   0.70     16
  AACAG  CTGTT  -1.54   0.04     28  -1.49   0.05     28  -2.40   0.79     28   5.23   1.43     28  34.88   0.37     28  34.91   0.52     28
  AACAT  ATGTT  -1.55   0.03     48  -1.57   0.08     56  -3.23   1.44     48   5.76   1.93     56  35.12   0.63     48  35.94   0.57     56
  AACCA  TGGTT  -1.58   0.08     15  -1.76   0.05     15  -3.30   0.78     15  -0.59   0.90     15  35.26   1.12     15  34.89   0.32     15
  AACCC  GGGTT  -1.61   0.05     35  -1.84   0.03     23  -4.18   1.39     35  -1.38   0.73     23  35.80   0.69     35  34.89   0.40     23
  AACCG  CGGTT  -1.58   0.03     20  -1.79   0.05     20  -3.13   0.57     20  -0.65   0.51     20  35.23   0.38     20  34.48   0.48     20
  AACCT  AGGTT  -1.61   0.03     10  -1.93   0.03     10  -4.78   0.76     10  -2.23   0.75     10  35.92   0.37     10  35.61   0.47     10
  AACGA  TCGTT  -1.51   0.03     24  -1.66   0.08     24  -2.49   0.94     24   5.41   1.41     24  34.71   0.51     24  33.66   0.68     24
  AACGC  GCGTT  -1.53   0.02     72  -1.71   0.03     70  -2.93   0.43     72   4.64   0.51     70  35.06   0.31     72  33.41   0.26     70
  AACGG  CCGTT  -1.51   0.03     18  -1.73   0.04     13  -3.07   0.49     18   3.74   0.70     13  35.14   0.44     18  33.45   0.28     13
  AACGT  ACGTT  -1.52   0.03     17  -1.77   0.05     17  -3.43   0.83     17   5.64   0.81     17  35.24   0.41     17  34.53   0.34     17
  AACTA  TAGTT  -1.71   0.06     15  -1.75   0.09     17  -4.24   1.98     15  -3.90   3.28     17  35.56   0.66     15  32.10   1.04     17
  AACTC  GAGTT  -1.73   0.02     18  -1.80   0.03     18  -4.38   0.64     18  -3.01   0.80     18  36.03   0.35     18  32.41   0.22     18
  AACTG  CAGTT  -1.71   0.05     17  -1.72   0.07     17  -3.28   1.43     17  -1.85   1.20     17  35.45   0.59     17  31.73   0.62     17
  AAGAA  TTCTT  -1.77   0.05     16  -1.51   0.08     16  -1.79   0.97     16  -0.63   1.19     16  32.30   0.32     16  36.52   0.74     16
  AAGAC  GTCTT  -1.75   0.06     31  -1.49   0.11     28  -2.15   1.04     31  -2.37   1.17     28  32.56   0.53     31  36.40   1.49     28
  AAGAG  CTCTT  -1.81   0.04      7  -1.66   0.05      7  -1.76   1.14      7  -1.36   1.27      7  32.31   0.33      7  35.92   0.73      7
  AAGAT  ATCTT  -1.80   0.05     10  -1.67   0.05     23  -3.96   1.46     10  -3.29   1.24     23  32.88   0.49     10  37.56   0.55     23
  AAGCA  TGCTT  -1.76   0.06    114  -1.69   0.04    114  -3.05   1.32    114  -3.31   0.93    114  32.29   0.56    114  37.13   0.39    114
  AAGCC  GGCTT  -1.81   0.06     36  -1.71   0.03     30  -3.70   1.36     36  -4.34   1.41     30  32.49   0.61     36  37.74   0.53     30
  AAGCG  CGCTT  -1.76   0.04     22  -1.65   0.04     22  -2.38   0.59     22  -2.72   0.69     22  32.27   0.37     22  37.15   0.41     22
  AAGCT  AGCTT  -1.83   0.03     12  -1.80   0.01     12  -3.24   0.93     12  -4.35   1.33     12  32.14   0.30     12  38.05   0.49     12
  AAGGA  TCCTT  -1.82   0.03      7  -1.86   0.03      7  -3.38   0.35      7  -1.91   0.74      7  32.55   0.37      7  34.90   0.32      7
  AAGGC  GCCTT  -1.82   0.03      9  -1.86   0.03     11  -2.75   0.47      9  -2.62   0.49     11  32.34   0.25      9  34.57   0.29     11
  AAGGG  CCCTT  -1.85   0.02      8  -1.94   0.04      8  -3.37   0.94      8  -3.54   1.16      8  31.94   0.21      8  34.22   0.51      8
  AAGGT  ACCTT  -1.87   0.04     23  -1.93   0.04     51  -4.81   1.65     23  -3.27   1.17     51  32.53   0.47     23  35.68   0.52     51
  AAGTA  TACTT  -1.82   0.06     67  -1.69   0.12     67  -3.52   1.99     67  -4.72   2.22     67  33.24   0.74     67  35.21   0.52     67
  AAGTC  GACTT  -1.85   0.10    106  -1.73   0.06    106  -4.01   1.98    106  -5.04   1.37    106  33.16   0.83    106  35.44   0.45    106
  AAGTG  CACTT  -1.83   0.04     18  -1.68   0.04     18  -2.79   0.86     18  -4.51   1.19     18  33.10   0.63     18  34.91   0.39     18
  AAGTT  AACTT  -1.85   0.06     18  -1.76   0.06     18  -3.62   1.60     18  -5.19   1.21     18  33.58   0.65     18  36.30   0.68     18
  AATAA  TTATT  -1.53   0.04    154  -1.39   0.10    154  -3.91   1.52    154   8.21   2.17    154  32.44   0.60    154  34.83   1.08    154
  AATAC  GTATT  -1.53   0.03     24  -1.41   0.07     24  -4.27   0.84     24   6.24   1.84     24  32.78   0.50     24  34.79   1.33     24
  AATAG  CTATT  -1.48   0.14      7  -1.37   0.34      7  -5.98   3.64      7   3.47   5.70      7  33.54   1.49      7  35.89   2.08      7
  AATAT  ATATT  -1.59   0.07      9  -1.55   0.12      9  -5.48   2.39      9   6.33   4.15      9  33.17   0.82      9  35.25   1.38      9
  AATCA  TGATT  -1.54   0.04   1112  -1.59   0.06   1112  -4.75   1.49   1112  -1.08   1.82   1112  33.01   0.62   1112  36.14   0.86   1112
  AATCC  GGATT  -1.57   0.04     60  -1.60   0.05     41  -5.81   1.43     60  -0.90   1.27     41  33.31   0.58     60  36.57   0.56     41
  AATCG  CGATT  -1.54   0.03     47  -1.52   0.05     47  -4.90   0.99     47  -0.80   1.12     47  32.89   0.39     47  36.19   0.51     47
  AATCT  AGATT  -1.55   0.05     13  -1.71   0.06     13  -6.11   1.85     13  -2.71   3.90     13  33.30   0.61     13  37.53   1.20     13
  AATGA  TCATT  -1.55   0.06    738  -1.59   0.10    737  -6.08   1.68    738   3.80   2.42    737  32.87   0.65    738  34.98   0.83    737
  AATGC  GCATT  -1.52   0.04     11  -1.44   0.04     11  -5.22   1.66     11   3.59   1.68     11  32.67   0.62     11  35.25   0.47     11
  AATGG  CCATT  -1.50   0.04     19  -1.53   0.06     19  -4.16   0.88     19   3.60   1.15     19  32.12   0.34     19  34.87   0.34     19
  AATGT  ACATT  -1.53   0.08     35  -1.57   0.09     38  -6.17   2.30     35   4.78   2.22     38  33.25   0.83     35  36.13   0.55     38
  AATTA  TAATT  -1.58   0.04    169  -1.22   0.05    169  -5.21   1.62    169  -2.38   1.98    169  33.31   0.74    169  35.92   0.63    169
  AATTC  GAATT  -1.64   0.05     22  -1.27   0.06     22  -6.49   1.29     22  -3.59   1.13     22  33.75   0.55     22  36.17   0.44     22
  AATTG  CAATT  -1.59   0.04     91  -1.20   0.05     91  -5.32   1.69     91  -2.97   1.25     91  33.37   0.86     91  35.62   0.55     91
  ACAAA  TTTGT  -1.16   0.09     42  -1.03   0.07     42   6.09   1.35     42  -2.56   1.74     42  35.41   0.52     42  35.77   0.47     42
  ACAAC  GTTGT  -1.16   0.11     11  -1.11   0.03      7   6.20   0.91     11  -3.26   0.90      7  35.22   0.56     11  35.25   0.29      7
  ACAAG  CTTGT  -1.28   0.12     10  -1.21   0.03     10   5.65   0.74     10  -3.95   0.97     10  35.43   0.49     10  35.05   0.39     10
  ACACA  TGTGT  -1.17   0.13      8  -1.48   0.03     10   2.96   3.11      8  -2.65   0.85     10  35.28   0.97      8  33.88   0.56     10
  ACACC  GGTGT  -1.27   0.07     32  -1.53   0.03     28   3.95   0.87     32  -2.95   0.52     28  34.83   0.43     32  34.36   0.17     28
  ACACG  CGTGT  -1.22   0.08     19  -1.45   0.03     19   4.66   0.71     19  -2.25   0.43     19  35.35   0.32     19  33.84   0.25     19
  ACAGA  TCTGT  -1.37   0.07     36  -1.68   0.04     36   3.72   1.17     36  -1.93   0.88     36  35.00   0.46     36  31.60   0.29     36
  ACAGC  GCTGT  -1.46   0.06     25  -1.68   0.05     25   5.07   0.81     25  -2.10   0.92     25  35.03   0.41     25  31.35   0.24     25
  ACAGG  CCTGT  -1.44   0.09     20  -1.76   0.05     20   4.68   1.46     20  -2.48   1.27     20  34.61   0.53     20  31.34   0.46     20
  ACAGT  ACTGT  -1.47   0.06     19  -1.72   0.06     19   4.57   1.32     19  -1.83   1.49     19  34.72   0.81     19  31.75   0.52     19
  ACATA  TATGT  -1.48   0.07     13  -1.49   0.03     15   4.85   1.49     13  -4.73   0.94     15  35.48   0.51     13  32.21   0.33     15
  ACATC  GATGT  -1.51   0.09    103  -1.49   0.05    103   5.15   1.49    103  -4.91   1.54    103  35.37   0.65    103  32.37   0.55    103
  ACATG  CATGT  -1.48   0.08    110  -1.45   0.04     49   5.73   0.99    110  -4.67   0.68     49  35.70   0.44    110  32.00   0.21     49
  ACCAA  TTGGT  -1.74   0.05     13  -1.39   0.06     13  -0.94   1.09     13   4.34   1.82     13  34.70   0.45     13  34.60   0.32     13
  ACCAC  GTGGT  -1.71   0.04     70  -1.35   0.05     58  -0.49   0.41     70   3.35   0.59     58  34.37   0.44     70  34.18   0.36     58
  ACCAG  CTGGT  -1.76   0.04     15  -1.51   0.03     13  -0.64   0.30     15   3.13   0.52     13  34.39   0.35     15  34.21   0.24     13
  ACCCA  TGGGT  -1.81   0.04     53  -1.81   0.05     39  -1.42   1.21     53  -2.00   0.87     39  34.63   0.52     53  33.53   0.47     39
  ACCCC  GGGGT  -1.84   0.04    168  -1.88   0.05    116  -1.80   0.98    168  -2.40   0.53    116  34.28   0.43    168  33.44   0.48    116
  ACCCG  CGGGT  -1.81   0.04     24  -1.79   0.03     24  -0.94   0.61     24  -1.76   0.56     24  34.56   0.47     24  33.51   0.23     24
  ACCGA  TCGGT  -1.79   0.06      9  -1.64   0.08     10  -0.94   0.64      9   3.35   0.95     10  34.18   0.32      9  32.64   0.36     10
  ACCGC  GCGGT  -1.75   0.04     89  -1.66   0.03     85  -0.62   0.38     89   2.79   0.44     85  34.31   0.38     89  32.31   0.29     85
  ACCGG  CCGGT  -1.70   0.04     17  -1.69   0.04     19  -0.44   0.88     17   2.54   1.51     19  34.12   0.31     17  32.44   0.32     19
  ACCTA  TAGGT  -1.90   0.05      9  -1.78   0.04      7  -1.78   0.94      9  -2.96   0.91      7  34.99   0.37      9  31.46   0.37      7
  ACCTC  GAGGT  -1.92   0.05    125  -1.82   0.04    112  -2.35   1.22    125  -3.46   1.14    112  34.93   0.58    125  31.49   0.31    112
  ACCTG  CAGGT  -1.92   0.03     16  -1.77   0.02     10  -1.63   0.47     16  -2.97   0.32     10  35.08   0.41     16  31.38   0.34     10
  ACGAA  TTCGT  -1.61   0.07     13  -1.36   0.06     11   5.06   0.77     13  -0.84   0.60     11  33.73   0.17     13  36.00   0.29     11
  ACGAC  GTCGT  -1.51   0.07    183  -1.36   0.07    183   5.01   1.05    183  -2.42   0.87    183  33.73   0.49    183  35.70   0.63    183
  ACGAG  CTCGT  -1.59   0.03      7  -1.43   0.03      7   4.47   0.68      7  -2.01   0.99      7  33.69   0.19      7  35.94   0.41      7
  ACGCA  TGCGT  -1.60   0.05      5  -1.50   0.06      5   4.21   0.56      5  -1.26   0.59      5  33.71   0.23      5  35.83   0.15      5
  ACGCC  GGCGT  -1.62   0.07     13  -1.55   0.04     11   3.67   0.70     13  -2.09   0.46     11  33.32   0.35     13  36.67   0.17     11
  ACGCG  CGCGT  -1.65   0.05    277  -1.51   0.03     14   4.51   0.47    277  -1.39   0.35     14  33.20   0.43    277  35.90   0.19     14
  ACGGA  TCCGT  -1.63   0.08      9  -1.71   0.05      9   2.56   1.15      9  -2.10   4.02      9  33.01   0.37      9  34.60   1.99      9
  ACGGC  GCCGT  -1.65   0.06     18  -1.70   0.03     16   3.91   0.60     18  -1.58   0.35     16  33.55   0.30     18  33.79   0.19     16
  ACGGG  CCCGT  -1.67   0.03      9  -1.77   0.04      9   2.76   0.50      9  -2.05   0.22      9  33.23   0.17      9  33.75   0.21      9
  ACGGT  ACCGT  -1.72   0.03     13  -1.74   0.05     12   3.68   0.42     13  -1.20   0.28     12  33.29   0.36     13  34.47   0.31     12
  ACGTA  TACGT  -1.69   0.05     16  -1.48   0.03     16   5.09   0.72     16  -2.68   0.70     16  34.34   0.37     16  34.30   0.22     16
  ACGTC  GACGT  -1.69   0.04     20  -1.51   0.03     20   5.05   0.64     20  -3.06   0.60     20  34.30   0.26     20  34.58   0.24     20
  ACGTG  CACGT  -1.69   0.02      7  -1.45   0.03      9   5.64   0.36      7  -3.13   0.37      9  34.48   0.29      7  34.05   0.20      9
  ACTAA  TTAGT  -1.70   0.05     18  -1.44   0.07     18  -0.98   0.97     18   7.88   1.76     18  31.57   0.40     18  34.45   0.55     18
  ACTAC  GTAGT  -1.70   0.07     47  -1.42   0.07     47  -1.63   1.93     47   4.89   1.83     47  31.68   0.61     47  34.24   1.10     47
  ACTAG  CTAGT  -1.78   0.04      5  -1.47   0.01      5  -2.86   0.94      5   3.55   1.10      5  32.22   0.43      5  35.00   0.15      5
  ACTCA  TGAGT  -1.78   0.07     17  -1.54   0.04     17  -2.78   1.44     17  -1.75   1.18     17  32.14   0.43     17  35.29   0.46     17
  ACTCC  GGAGT  -1.78   0.04     53  -1.56   0.06     49  -2.84   1.70     53  -2.04   0.83     49  31.81   0.63     53  35.76   0.55     49
  ACTCG  CGAGT  -1.77   0.03     29  -1.51   0.05     29  -1.90   0.55     29  -1.04   0.64     29  31.96   0.28     29  35.21   0.58     29
  ACTGA  TCAGT  -1.74   0.04      6  -1.41   0.02      4  -1.92   0.52      6   4.75   0.61      4  31.46   0.25      6  34.41   0.16      4
  ACTGC  GCAGT  -1.69   0.07     38  -1.49   0.06     39  -1.42   1.21     38   3.67   1.07     39  31.49   0.49     38  33.95   0.55     39
  ACTGG  CCAGT  -1.67   0.04     15  -1.49   0.03     13  -1.82   0.37     15   3.06   0.43     13  31.51   0.34     15  34.39   0.26     13
  ACTTA  TAAGT  -1.81   0.05     20  -1.25   0.02     20  -2.87   1.11     20  -3.58   0.92     20  33.06   0.42     20  35.16   0.31     20
  ACTTC  GAAGT  -1.84   0.05     98  -1.27   0.03     94  -3.34   1.24     98  -4.20   1.03     94  32.77   0.55     98  35.22   0.39     94
  ACTTG  CAAGT  -1.82   0.04     18  -1.22   0.03     18  -2.35   1.03     18  -3.59   0.87     18  33.13   0.43     18  34.94   0.36     18
  AGAAA  TTTCT  -1.54   0.08      6  -1.08   0.07      6  -0.69   1.12      6  -2.61   1.10      6  36.43   0.68      6  36.02   0.59      6
  AGAAC  GTTCT  -1.48   0.08     47  -1.09   0.05     47  -0.56   0.96     47  -3.03   1.00     47  36.45   0.68     47  35.70   0.39     47
  AGAAG  CTTCT  -1.54   0.06     10  -1.25   0.03     10  -1.65   3.03     10  -4.10   1.45     10  36.79   1.00     10  35.47   0.39     10
  AGACA  TGTCT  -1.42   0.03     12  -1.55   0.04     12  -1.88   0.71     12  -2.80   0.52     12  36.49   0.40     12  34.36   0.18     12
  AGACC  GGTCT  -1.51   0.05     22  -1.59   0.03     13  -1.90   0.82     22  -3.14   0.58     13  36.10   0.54     22  34.74   0.17     13
  AGACG  CGTCT  -1.46   0.10     27  -1.53   0.02     15  -2.02   0.97     27  -2.95   0.46     15  36.41   1.45     27  34.44   0.17     15
  AGACT  AGTCT  -1.58   0.05      7  -1.74   0.02      7  -2.00   1.50      7  -3.59   0.95      7  36.01   0.66      7  34.89   0.31      7
  AGAGA  TCTCT  -1.61   0.05     11  -1.76   0.04     11  -1.55   1.48     11  -1.87   1.12     11  35.80   0.63     11  31.70   0.28     11
  AGAGC  GCTCT  -1.61   0.05      9  -1.76   0.04      9  -1.41   0.52      9  -2.48   0.36      9  35.84   0.28      9  31.62   0.24      9
  AGAGG  CCTCT  -1.64   0.06     20  -1.84   0.03     18  -1.11   1.21     20  -2.60   1.28     18  35.39   0.80     20  31.44   0.23     18
  AGAGT  ACTCT  -1.69   0.04      6  -1.79   0.05      6  -0.84   1.34      6  -1.51   0.51      6  35.66   0.69      6  31.76   0.29      6
  AGATA  TATCT  -1.67   0.12     12  -1.52   0.05     12  -1.03   1.75     12  -4.23   0.63     12  36.52   1.29     12  32.48   0.35     12
  AGATC  GATCT  -1.67   0.04     53  -1.53   0.04     47  -1.69   1.22     53  -5.53   0.83     47  36.68   0.60     53  32.82   0.28     47
  AGATG  CATCT  -1.63   0.05     65  -1.51   0.04     65  -1.27   1.08     65  -5.19   1.04     65  36.48   0.57     65  32.25   0.35     65
  AGCAA  TTGCT  -1.68   0.04    122  -1.42   0.08    122  -3.02   1.12    122   3.78   1.16    122  36.94   0.55    122  34.41   0.46    122
  AGCAC  GTGCT  -1.63   0.03     13  -1.36   0.06     11  -1.72   0.45     13   2.81   0.78     11  36.67   0.29     13  34.03   0.46     11
  AGCAG  CTGCT  -1.68   0.03     24  -1.51   0.04     23  -2.72   1.12     24   3.76   0.89     23  36.97   0.43     24  33.86   0.25     23
  AGCCA  TGGCT  -1.69   0.04     29  -1.79   0.05     27  -3.86   1.70     29  -2.44   0.91     27  37.62   0.58     29  33.35   0.36     27
  AGCCC  GGGCT  -1.68   0.04     19  -1.82   0.03     18  -2.95   1.12     19  -1.98   0.55     18  37.30   0.43     19  33.51   0.29     18
  AGCCG  CGGCT  -1.66   0.03     21  -1.77   0.03     21  -2.14   0.47     21  -1.44   0.37     21  37.23   0.34     21  33.27   0.41     21
  AGCGA  TCGCT  -1.65   0.06      9  -1.59   0.10      9  -2.29   1.26      9   4.15   0.43      9  36.83   0.47      9  32.44   0.89      9
  AGCGC  GCGCT  -1.64   0.04     76  -1.66   0.03     76  -1.92   0.57     76   2.89   0.53     76  36.76   0.38     76  32.08   0.31     76
  AGCGG  CCGCT  -1.63   0.02     11  -1.65   0.03      9  -1.90   0.54     11   2.44   0.43      9  36.72   0.36     11  32.34   0.23      9
  AGCGT  ACGCT  -1.65   0.04      9  -1.69   0.04      9  -2.63   0.98      9   3.70   0.39      9  37.02   0.51      9  33.00   0.30      9
  AGCTA  TAGCT  -1.76   0.03     19  -1.77   0.03     19  -2.66   0.63     19  -2.32   0.45     19  37.56   0.29     19  31.13   0.18     19
  AGCTC  GAGCT  -1.77   0.04     21  -1.78   0.02     19  -3.25   0.55     21  -2.86   0.54     19  37.66   0.18     21  31.33   0.15     19
  AGCTG  CAGCT  -1.76   0.03     10  -1.73   0.04     10  -2.49   0.43     10  -2.54   0.51     10  37.48   0.28     10  31.01   0.30     10
  AGGAA  TTCCT  -1.86   0.05     17  -1.45   0.09     19  -1.44   0.83     17  -1.30   1.05     19  34.39   0.56     17  36.26   0.98     19
  AGGAC  GTCCT  -1.83   0.04     16  -1.42   0.06     16  -0.96   0.44     16  -2.19   0.61     16  34.49   0.37     16  36.03   0.49     16
  AGGAG  CTCCT  -1.88   0.02     10  -1.51   0.04     10  -1.32   0.71     10  -2.62   1.02     10  34.13   0.25     10  36.23   0.43     10
  AGGCA  TGCCT  -1.85   0.05     29  -1.64   0.03     35  -2.06   0.96     29  -2.41   0.82     35  34.03   0.54     29  36.26   0.33     35
  AGGCC  GGCCT  -1.90   0.04     21  -1.66   0.04     18  -1.89   0.89     21  -2.34   0.77     18  33.71   0.38     21  36.64   0.35     18
  AGGCG  CGCCT  -1.85   0.03     26  -1.59   0.03     26  -2.10   0.68     26  -2.16   0.39     26  34.34   0.37     26  36.31   0.21     26
  AGGCT  AGCCT  -1.89   0.04      7  -1.72   0.03      9  -2.71   0.65      7  -3.85   0.78      9  34.00   0.45      7  37.47   0.46      9
  AGGGA  TCCCT  -1.92   0.05     19  -1.86   0.11     19  -2.51   1.19     19  -1.61   1.72     19  33.86   0.46     19  33.60   1.36     19
  AGGGC  GCCCT  -1.90   0.02      8  -1.84   0.03      8  -2.27   0.48      8  -2.16   0.34      8  34.00   0.20      8  33.54   0.24      8
  AGGGG  CCCCT  -1.92   0.02     11  -1.88   0.03     11  -2.55   0.39     11  -2.41   0.40     11  33.78   0.24     11  33.61   0.23     11
  AGGGT  ACCCT  -1.93   0.04     25  -1.85   0.04     45  -3.17   1.02     25  -2.05   0.79     45  34.17   0.41     25  34.42   0.43     45
  AGGTA  TACCT  -1.89   0.03     53  -1.56   0.11     53  -2.81   1.74     53  -4.49   2.05     53  35.24   0.67     53  34.69   0.66     53
  AGGTC  GACCT  -1.94   0.04    128  -1.59   0.04    128  -2.46   1.03    128  -3.96   0.68    128  35.04   0.62    128  34.84   0.26    128
  AGGTG  CACCT  -1.92   0.03     10  -1.53   0.02     10  -1.65   0.45     10  -3.26   0.35     10  35.25   0.31     10  34.31   0.18     10
  AGTAA  TTACT  -1.66   0.12     82  -1.35   0.16     82  -3.91   2.67     82   5.33   2.59     82  34.75   0.62     82  34.55   0.94     82
  AGTAC  GTACT  -1.63   0.05     36  -1.39   0.06     37  -2.73   1.75     36   4.94   1.07     37  34.74   0.53     36  33.82   0.83     37
  AGTAG  CTACT  -1.71   0.05     21  -1.43   0.09     20  -4.12   1.66     21   4.64   2.30     20  35.18   0.44     21  34.13   1.15     20
  AGTCA  TGACT  -1.68   0.08     78  -1.47   0.06     78  -3.69   2.08     78  -1.77   1.41     78  35.06   0.64     78  35.14   0.63     78
  AGTCC  GGACT  -1.72   0.03     15  -1.48   0.04     15  -4.26   1.11     15  -2.46   0.66     15  34.97   0.38     15  35.78   0.42     15
  AGTCG  CGACT  -1.72   0.05     82  -1.41   0.06     82  -4.46   1.38     82  -2.31   1.09     82  35.27   0.43     82  35.38   0.71     82
  AGTGA  TCACT  -1.67   0.10     29  -1.47   0.10     29  -3.58   1.48     29   3.56   1.45     29  34.23   1.09     29  33.87   0.98     29
  AGTGC  GCACT  -1.66   0.04     13  -1.36   0.08     13  -3.54   1.20     13   2.74   0.80     13  34.58   0.36     13  33.99   0.39     13
  AGTGG  CCACT  -1.62   0.05     12  -1.42   0.04     10  -2.95   0.52     12   2.64   0.85     10  34.38   0.28     12  34.11   0.28     10
  AGTGT  ACACT  -1.68   0.04      8  -1.38   0.09      9  -3.51   0.83      8   3.69   1.75      9  34.67   0.43      8  34.61   0.66      9
  AGTTA  TAACT  -1.72   0.06     36  -1.21   0.05     36  -3.98   1.76     36  -3.30   0.99     36  35.60   0.67     36  34.85   0.59     36
  AGTTC  GAACT  -1.74   0.05     19  -1.19   0.04     19  -4.54   1.19     19  -3.79   0.58     19  35.93   0.37     19  35.24   0.34     19
  AGTTG  CAACT  -1.74   0.02      9  -1.17   0.05      9  -4.47   0.91      9  -3.88   0.85      9  36.24   0.63      9  34.76   0.46      9
  ATAAA  TTTAT  -1.35   0.11    353  -1.05   0.05    353   8.13   2.21    353  -0.95   1.36    353  34.60   1.14    353  35.94   0.44    353
  ATAAC  GTTAT  -1.31   0.08     14  -1.13   0.04     14   6.14   2.67     14  -3.50   0.58     14  34.54   1.95     14  35.50   0.38     14
  ATAAG  CTTAT  -1.41   0.08     19  -1.28   0.12     19   6.31   1.39     19  -3.47   0.78     19  35.15   0.75     19  35.03   1.29     19
  ATAAT  ATTAT  -1.41   0.06     30  -1.22   0.06     30   6.41   1.71     30  -2.76   1.28     30  35.02   0.65     30  35.90   0.39     30
  ATACA  TGTAT  -1.35   0.07     23  -1.53   0.04     24   5.89   2.07     23  -2.07   1.01     24  34.63   1.26     23  34.26   0.29     24
  ATACC  GGTAT  -1.40   0.05     24  -1.56   0.03     15   5.39   0.94     24  -2.59   0.56     15  34.56   0.46     24  34.69   0.18     15
  ATACG  CGTAT  -1.38   0.05     68  -1.51   0.04     11   5.89   0.86     68  -2.22   0.46     11  34.59   0.54     68  34.16   0.31     11
  ATACT  AGTAT  -1.48   0.06     12  -1.69   0.04     12   6.22   1.31     12  -2.71   0.89     12  34.44   0.47     12  34.73   0.39     12
  ATAGA  TCTAT  -1.47   0.08     17  -1.74   0.06     17   6.34   1.92     17  -1.51   1.02     17  34.25   1.56     17  31.88   0.36     17
  ATAGC  GCTAT  -1.51   0.04      4  -1.80   0.02      6   4.96   0.74      4  -2.59   0.38      6  34.96   0.40      4  31.21   0.11      6
  ATAGG  CCTAT  -1.45   0.03      8  -1.78   0.03      8   5.54   1.39      8  -2.45   0.76      8  34.50   0.50      8  31.71   0.24      8
  ATAGT  ACTAT  -1.37   0.29      9  -1.73   0.09      9   3.79   5.15      9  -3.25   3.63      9  35.53   1.94      9  31.86   1.22      9
  ATATA  TATAT  -1.50   0.06     37  -1.50   0.03     37   8.32   3.05     37  -2.62   1.90     37  34.46   1.18     37  32.12   0.39     37
  ATATC  GATAT  -1.51   0.05     22  -1.52   0.03     22   6.33   1.73     22  -3.98   1.12     22  35.01   0.69     22  32.32   0.43     22
  ATATG  CATAT  -1.49   0.04      8  -1.50   0.03      8   5.85   0.55      8  -4.26   0.43      8  35.37   0.34      8  32.04   0.20      8
  ATCAA  TTGAT  -1.57   0.06    290  -1.34   0.08    290   0.04   1.15    290   6.62   1.61    290  35.38   0.71    290  34.60   0.59    290
  ATCAC  GTGAT  -1.55   0.06     61  -1.39   0.12     61  -0.51   1.27     61   3.72   1.24     61  35.64   0.85     61  34.03   0.74     61
  ATCAG  CTGAT  -1.53   0.07     31  -1.43   0.07     29  -0.36   0.97     31   4.36   1.39     29  35.80   0.66     31  34.24   0.45     29
  ATCCA  TGGAT  -1.53   0.07    260  -1.78   0.05    258  -0.96   1.51    260  -0.54   0.84    258  36.24   0.68    260  33.69   0.44    258
  ATCCC  GGGAT  -1.55   0.06    127  -1.85   0.05    101  -1.49   0.86    127  -1.06   1.10    101  36.09   0.69    127  33.66   0.63    101
  ATCCG  CGGAT  -1.56   0.07      9  -1.80   0.11      9  -2.07   3.48      9  -2.34   4.58      9  36.59   1.30      9  32.93   1.95      9
  ATCCT  AGGAT  -1.56   0.05     13  -1.92   0.04     13  -1.25   0.94     13  -1.41   0.79     13  36.16   0.50     13  34.37   0.52     13
  ATCGA  TCGAT  -1.50   0.05     86  -1.64   0.05     88  -0.54   1.24     86   5.51   1.70     88  35.76   0.68     86  32.77   0.38     88
  ATCGC  GCGAT  -1.49   0.04     41  -1.62   0.04     41  -0.66   0.66     41   4.15   0.85     41  35.82   0.48     41  32.49   0.39     41
  ATCGG  CCGAT  -1.49   0.05     10  -1.68   0.07      8  -0.66   0.74     10   3.63   0.77      8  35.60   0.60     10  32.57   0.41      8
  ATCGT  ACGAT  -1.50   0.05     17  -1.68   0.07     17  -1.68   1.08     17   4.65   0.86     17  36.22   0.81     17  33.64   0.31     17
  ATCTA  TAGAT  -1.65   0.06     11  -1.73   0.06     11  -1.24   3.77     11  -2.21   3.79     11  36.79   1.36     11  31.29   1.54     11
  ATCTC  GAGAT  -1.65   0.06     83  -1.76   0.04     83  -1.46   1.02     83  -2.16   0.60     83  36.47   0.59     83  31.47   0.32     83
  ATCTG  CAGAT  -1.67   0.07     26  -1.72   0.05     43  -0.33   0.99     26  -2.27   0.88     43  36.37   0.61     26  31.12   0.27     43
  ATGAA  TTCAT  -1.40   0.05     26  -1.46   0.06     26   5.73   0.74     26   0.04   0.85     26  35.03   0.40     26  35.39   0.47     26
  ATGAC  GTCAT  -1.37   0.10    237  -1.41   0.06    237   5.16   1.82    237  -2.06   0.92    237  35.10   0.52    237  35.47   0.46    237
  ATGAG  CTCAT  -1.47   0.05     35  -1.54   0.03     35   5.69   0.86     35  -1.52   0.91     35  34.93   0.27     35  35.10   0.43     35
  ATGAT  ATCAT  -1.57   0.09   1141  -1.58   0.07   1141   3.79   2.22   1141  -1.32   1.76   1141  34.82   0.78   1141  36.14   0.85   1141
  ATGCA  TGCAT  -1.39   0.05     46  -1.56   0.04     46   4.66   1.12     46  -1.20   0.60     46  35.12   0.49     46  35.60   0.39     46
  ATGCC  GGCAT  -1.46   0.04     65  -1.61   0.04     60   4.26   0.86     65  -1.93   0.42     60  34.66   0.35     65  36.28   0.29     60
  ATGCG  CGCAT  -1.37   0.05     21  -1.54   0.04     20   5.09   0.96     21  -0.76   1.02     20  35.00   0.36     21  35.58   0.39     20
  ATGCT  AGCAT  -1.52   0.04     29  -1.66   0.03     29   4.59   0.67     29  -2.20   0.88     29  34.56   0.33     29  36.89   0.35     29
  ATGGA  TCCAT  -1.48   0.08     87  -1.79   0.05     87   4.34   1.48     87  -0.26   1.27     87  34.46   0.72     87  33.69   0.51     87
  ATGGC  GCCAT  -1.47   0.07     52  -1.78   0.05     52   3.68   0.90     52  -2.18   0.76     52  34.93   0.33     52  33.39   0.37     52
  ATGGG  CCCAT  -1.49   0.06     36  -1.82   0.04     36   3.38   1.50     36  -2.51   1.36     36  34.56   0.58     36  33.45   0.55     36
  ATGGT  ACCAT  -1.52   0.04     14  -1.78   0.04     18   4.04   0.87     14  -1.22   0.59     18  34.88   0.32     14  34.55   0.35     18
  ATGTA  TACAT  -1.44   0.07     49  -1.50   0.04     47   5.57   1.20     49  -2.14   0.98     47  35.76   0.44     49  34.06   0.32     47
  ATGTC  GACAT  -1.50   0.08    141  -1.54   0.04    137   4.90   1.27    141  -2.83   0.69    137  35.42   0.61    141  34.24   0.60    137
  ATGTG  CACAT  -1.50   0.04     18  -1.48   0.03     14   6.57   0.76     18  -2.22   0.67     14  35.86   0.52     18  33.53   0.47     14
  ATTAA  TTAAT  -1.22   0.05    457  -1.36   0.14    457  -2.12   1.83    457   8.64   2.80    457  35.37   0.65    457  34.44   1.21    457
  ATTAC  GTAAT  -1.21   0.05    314  -1.34   0.13    314  -2.51   1.78    314   5.03   2.30    314  35.53   0.80    314  34.68   1.14    314
  ATTAG  CTAAT  -1.21   0.05     19  -1.45   0.04     19  -1.62   1.09     19   7.71   1.86     19  35.33   0.63     19  34.46   0.56     19
  ATTCA  TGAAT  -1.19   0.05     26  -1.48   0.07     26  -2.45   1.06     26   0.21   0.81     26  36.06   0.42     26  35.03   0.57     26
  ATTCC  GGAAT  -1.23   0.05    367  -1.51   0.05    334  -3.73   1.07    367  -0.88   0.81    334  35.60   0.46    367  35.99   0.56    334
  ATTCG  CGAAT  -1.21   0.05     32  -1.45   0.05     32  -2.98   0.96     32  -0.24   0.72     32  35.86   0.42     32  35.52   0.50     32
  ATTCT  AGAAT  -1.21   0.04     19  -1.59   0.05     19  -3.86   0.84     19  -1.42   0.74     19  36.11   0.37     19  36.60   0.32     19
  ATTGA  TCAAT  -1.20   0.04    284  -1.34   0.07    285  -2.10   1.06    284   7.05   1.25    285  34.93   0.43    284  34.60   0.51    285
  ATTGC  GCAAT  -1.19   0.04    165  -1.41   0.08    165  -2.92   1.11    165   3.90   1.18    165  35.34   0.54    165  34.49   0.48    165
  ATTGG  CCAAT  -1.19   0.03     18  -1.40   0.06     18  -2.07   0.64     18   5.06   1.14     18  34.93   0.39     18  34.40   0.40     18
  ATTGT  ACAAT  -1.20   0.06      8  -1.39   0.11     10  -2.43   0.90      8   6.33   0.75     10  35.45   0.67      8  35.55   0.66     10
  ATTTA  TAAAT  -1.22   0.05    530  -1.06   0.05    530  -2.36   1.42    530  -0.94   1.30    530  36.55   0.56    530  35.79   0.49    530
  ATTTC  GAAAT  -1.23   0.05    175  -1.10   0.05    175  -4.40   1.50    175  -3.13   0.72    175  36.70   0.46    175  35.77   0.40    175
  ATTTG  CAAAT  -1.26   0.06     62  -1.09   0.06     62  -4.68   1.68     62  -3.54   1.44     62  37.28   0.56     62  35.49   0.76     62
  CAAAG  CTTTG  -1.06   0.05      4  -1.27   0.04      4  -2.80   1.08      4  -4.84   1.06      4  35.41   0.40      4  36.30   0.29      4
  CAACG  CGTTG  -1.08   0.03     23  -1.52   0.02     21  -2.97   0.35     23  -2.83   0.35     21  35.01   0.29     23  35.10   0.29     21
  CAAGG  CCTTG  -1.23   0.07      9  -1.82   0.03      9  -3.66   0.90      9  -2.93   0.76      9  34.98   0.47      9  32.51   0.21      9
  CAATG  CATTG  -1.19   0.04     20  -1.53   0.04     20  -2.63   0.92     20  -4.37   1.03     20  35.08   0.51     20  32.41   0.52     20
  CACAG  CTGTG  -1.46   0.04      9  -1.44   0.08      9  -2.15   0.54      9   4.99   0.62      9  33.74   0.31      9  35.20   0.26      9
  CACCG  CGGTG  -1.50   0.03     31  -1.72   0.04     31  -2.48   0.44     31  -0.28   0.52     31  34.05   0.29     31  34.36   0.41     31
  CACGG  CCGTG  -1.44   0.02     10  -1.65   0.04      9  -2.43   0.32     10   4.06   0.34      9  33.81   0.23     10  33.70   0.17      9
  CAGAG  CTCTG  -1.69   0.03     15  -1.63   0.05     15  -1.81   1.12     15  -1.00   1.04     15  31.18   0.23     15  35.60   0.49     15
  CAGCG  CGCTG  -1.67   0.04     32  -1.63   0.03     32  -1.93   0.44     32  -1.69   0.44     32  31.20   0.26     32  36.67   0.33     32
  CAGGG  CCCTG  -1.77   0.02     13  -1.92   0.05     13  -3.39   0.75     13  -2.88   1.37     13  31.11   0.39     13  34.07   0.46     13
  CAGTG  CACTG  -1.67   0.07      6  -1.61   0.08      6  -1.18   2.31      6  -2.39   1.75      6  31.61   0.37      6  34.30   0.34      6
  CATAG  CTATG  -1.47   0.02      6  -1.47   0.04      5  -3.65   0.58      6   5.41   0.89      5  31.84   0.18      6  35.03   0.28      5
  CATCG  CGATG  -1.47   0.03     32  -1.48   0.05     32  -4.47   1.03     32  -0.95   1.04     32  32.14   0.29     32  35.83   0.70     32
  CATGG  CCATG  -1.43   0.03     11  -1.52   0.08     47  -4.03   0.39     11   3.95   1.81     47  31.61   0.22     11  34.66   0.97     47
  CCAGG  CCTGG  -1.46   0.05     10  -1.76   0.05     11   2.39   0.68     10  -2.87   0.80     11  34.05   0.42     10  31.17   0.19     11
  CCGGG  CCCGG  -1.64   0.05      9  -1.78   0.06      9   1.93   0.96      9  -1.59   0.57      9  32.53   0.17      9  33.24   0.56      9
  CGACG  CGTCG  -1.33   0.04     72  -1.49   0.03     72  -1.47   0.59     72  -2.51   0.54     72  35.57   0.49     72  34.26   0.25     72
  CGAGG  CCTCG  -1.48   0.05     41  -1.79   0.04     45  -1.26   0.69     41  -2.80   0.73     45  34.97   0.48     41  31.50   0.31     45
  CGCGG  CCGCG  -1.51   0.03     23  -1.62   0.05    244  -1.05   0.35     23   2.68   0.56    244  35.54   0.30     23  32.35   0.41    244
  CGGCG  CGCCG  -1.70   0.04     51  -1.55   0.03     51  -1.33   0.42     51  -1.46   0.40     51  33.59   0.34     51  36.24   0.37     51
  CGGGG  CCCCG  -1.79   0.03     10  -1.84   0.04     10  -1.77   0.33     10  -1.76   0.44     10  33.22   0.19     10  33.62   0.35     10
  CGTGG  CCACG  -1.44   0.02     10  -1.33   0.05    107  -2.34   0.67     10   3.23   0.57    107  33.53   0.33     10  34.18   0.47    107
  CTAAG  CTTAG  -1.39   0.05      9  -1.24   0.03     10   6.02   1.00      9  -3.25   0.70     10  34.71   0.36      9  35.04   0.27     10
  CTACG  CGTAG  -1.37   0.05     61  -1.49   0.02     27   4.93   0.87     61  -2.16   0.57     27  34.25   0.53     61  34.02   0.47     27
  CTAGG  CCTAG  -1.46   0.02      7  -1.76   0.04      7   4.92   0.82      7  -2.23   0.55      7  34.19   0.33      7  31.47   0.24      7
  CTCCG  CGGAG  -1.51   0.04     21  -1.75   0.03     21  -1.83   0.68     21  -0.61   0.42     21  35.79   0.40     21  33.51   0.27     21
  CTCGG  CCGAG  -1.52   0.06      6  -1.60   0.08      4  -0.49   1.07      6   4.60   0.66      4  34.73   0.67      6  32.31   0.44      4
  CTGAG  CTCAG  -1.41   0.05      6  -1.54   0.06      6   4.27   0.72      6  -0.89   1.16      6  34.47   0.26      6  34.84   0.72      6
  CTGCG  CGCAG  -1.39   0.03     20  -1.52   0.03     19   3.64   0.71     20  -0.89   0.37     19  34.24   0.42     20  35.64   0.27     19
  CTGGG  CCCAG  -1.47   0.04     12  -1.81   0.03     41   2.42   0.52     12  -1.97   0.44     41  33.88   0.30     12  33.54   0.26     41
  CTTCG  CGAAG  -1.27   0.04     27  -1.45   0.06     27  -3.70   1.23     27  -0.16   0.83     27  35.11   0.50     27  35.23   0.64     27
  CTTGG  CCAAG  -1.23   0.03     10  -1.38   0.02      8  -3.40   0.56     10   4.48   0.86      8  34.56   0.31     10  34.61   0.27      8
  GAAAC  GTTTC  -1.02   0.04     18  -1.11   0.04     18  -2.18   0.81     18  -3.35   1.06     18  36.01   0.33     18  36.17   0.30     18
  GAAAG  CTTTC  -1.08   0.05     45  -1.26   0.05     45  -3.00   0.80     45  -4.95   1.08     45  35.91   0.41     45  36.10   0.44     45
  GAACC  GGTTC  -1.16   0.09     30  -1.60   0.06     30  -3.83   1.14     30  -3.59   0.87     30  35.45   0.40     30  35.19   0.79     30
  GAACG  CGTTC  -1.09   0.02     33  -1.53   0.02     33  -2.93   0.62     33  -2.93   0.47     33  35.71   0.25     33  34.90   0.28     33
  GAAGC  GCTTC  -1.26   0.03     94  -1.77   0.03     93  -3.36   0.56     94  -2.79   0.62     93  34.96   0.34     94  32.06   0.25     93
  GAAGG  CCTTC  -1.28   0.03     15  -1.86   0.04     15  -3.82   0.57     15  -3.57   0.77     15  34.75   0.36     15  32.02   0.31     15
  GAATC  GATTC  -1.24   0.04     18  -1.57   0.04     18  -3.18   0.88     18  -5.55   0.86     18  35.53   0.29     18  32.93   0.29     18
  GAATG  CATTC  -1.22   0.05    391  -1.56   0.06    391  -3.64   1.11    391  -5.91   1.35    391  35.63   0.47    391  32.69   0.44    391
  GACAC  GTGTC  -1.48   0.02     22  -1.27   0.08     22  -2.01   0.40     22   4.23   0.63     22  34.03   0.26     22  34.92   0.61     22
  GACAG  CTGTC  -1.51   0.02      7  -1.44   0.02      7  -2.46   0.21      7   3.98   0.55      7  34.25   0.15      7  34.79   0.34      7
  GACCC  GGGTC  -1.58   0.03     79  -1.86   0.04     79  -3.44   0.53     79  -1.78   0.76     79  34.81   0.20     79  34.36   0.36     79
  GACCG  CGGTC  -1.55   0.03     39  -1.76   0.03     39  -2.77   0.49     39  -0.84   0.41     39  34.65   0.21     39  34.17   0.25     39
  GACGC  GCGTC  -1.50   0.03    106  -1.66   0.04    106  -2.45   0.44    106   4.23   0.52    106  34.21   0.36    106  33.02   0.28    106
  GACGG  CCGTC  -1.50   0.03     21  -1.68   0.04     19  -2.46   0.40     21   3.11   0.64     19  34.10   0.24     21  33.08   0.25     19
  GACTG  CAGTC  -1.64   0.04     18  -1.70   0.06     20  -2.08   0.84     18  -1.40   0.85     20  34.65   0.28     18  31.46   0.32     20
  GAGAC  GTCTC  -1.69   0.04     21  -1.50   0.07     21  -1.45   0.84     21  -1.85   0.64     21  31.76   0.18     21  36.17   0.50     21
  GAGAG  CTCTC  -1.75   0.03     17  -1.64   0.04     15  -1.93   0.68     17  -1.90   0.93     15  31.39   0.23     17  35.65   0.47     15
  GAGCC  GGCTC  -1.76   0.03     13  -1.72   0.04      7  -2.76   0.57     13  -3.07   0.87      7  31.39   0.29     13  37.09   0.31      7
  GAGCG  CGCTC  -1.72   0.03     39  -1.64   0.04     39  -1.89   0.57     39  -1.98   0.72     39  31.47   0.33     39  36.68   0.38     39
  GAGGC  GCCTC  -1.80   0.04     40  -1.88   0.05     40  -2.42   0.72     40  -2.18   0.85     40  31.38   0.42     40  33.92   0.41     40
  GAGGG  CCCTC  -1.80   0.02     34  -1.92   0.03     34  -2.73   0.74     34  -2.62   0.78     34  31.33   0.17     34  33.87   0.34     34
  GAGTC  GACTC  -1.79   0.03     30  -1.71   0.03     34  -2.44   0.88     30  -3.57   0.96     34  31.83   0.31     30  34.87   0.31     34
  GAGTG  CACTC  -1.77   0.06     29  -1.67   0.10     29  -1.98   0.91     29  -3.21   0.67     29  31.79   0.33     29  34.12   1.00     29
  GATAC  GTATC  -1.49   0.03     43  -1.40   0.05     43  -3.62   0.66     43   5.72   0.98     43  32.10   0.26     43  34.46   0.45     43
  GATAG  CTATC  -1.55   0.08     13  -1.49   0.08     12  -4.19   1.50     13   6.28   2.46     12  32.43   0.62     13  33.89   1.76     12
  GATCC  GGATC  -1.52   0.04     38  -1.57   0.05     24  -4.63   0.73     38  -1.67   2.21     24  32.41   0.24     38  36.29   0.85     24
  GATCG  CGATC  -1.50   0.04     59  -1.50   0.04     57  -4.15   1.04     59  -0.57   1.24     57  32.29   0.35     59  35.54   0.66     57
  GATGC  GCATC  -1.48   0.03     20  -1.44   0.07     20  -4.24   0.84     20   3.67   1.06     20  31.96   0.28     20  34.59   0.38     20
  GATGG  CCATC  -1.46   0.04    106  -1.47   0.06    106  -3.42   0.76    106   4.13   1.15    106  31.66   0.29    106  34.54   0.45    106
  GATTG  CAATC  -1.54   0.04    313  -1.20   0.04    313  -4.28   1.10    313  -2.12   1.03    313  32.75   0.40    313  34.92   0.41    313
  GCAAG  CTTGC  -1.29   0.09     18  -1.21   0.05     18   4.47   0.87     18  -3.39   0.76     18  34.37   0.97     18  34.89   0.31     18
  GCACG  CGTGC  -1.19   0.05     35  -1.45   0.04     35   3.22   0.65     35  -2.27   0.40     35  34.75   0.33     35  33.78   0.21     35
  GCAGC  GCTGC  -1.37   0.06     13  -1.67   0.04     13   3.55   0.59     13  -2.09   0.37     13  34.49   0.42     13  31.29   0.33     13
  GCAGG  CCTGC  -1.40   0.05     13  -1.77   0.01     11   2.96   0.71     13  -3.15   0.44     11  33.94   0.44     13  31.18   0.30     11
  GCATG  CATGC  -1.45   0.07    114  -1.42   0.02     29   4.69   0.64    114  -3.87   0.49     29  34.82   0.45    114  31.54   0.24     29
  GCCAG  CTGGC  -1.74   0.04     30  -1.45   0.05     24  -1.52   0.44     30   2.79   0.63     24  33.53   0.32     30  34.28   0.38     24
  GCCCG  CGGGC  -1.77   0.04     46  -1.77   0.04     42  -1.71   0.52     46  -1.70   0.44     42  33.78   0.35     46  33.44   0.39     42
  GCCGG  CCGGC  -1.71   0.03     16  -1.61   0.04     14  -1.33   0.34     16   2.08   0.77     14  33.41   0.31     16  32.61   0.18     14
  GCCTG  CAGGC  -1.85   0.05     15  -1.75   0.05     15  -1.61   1.03     15  -2.26   1.16     15  33.99   0.70     15  31.14   0.54     15
  GCGAG  CTCGC  -1.58   0.03     96  -1.48   0.04     97   4.38   0.37     96  -1.17   0.52     97  32.59   0.19     96  35.13   0.36     97
  GCGCG  CGCGC  -1.57   0.06    365  -1.51   0.03     64   3.12   0.51    365  -1.15   0.39     64  32.44   0.43    365  35.70   0.29     64
  GCGGC  GCCGC  -1.61   0.05     91  -1.72   0.05     89   2.78   0.57     91  -1.31   0.40     89  32.46   0.48     91  33.44   0.38     89
  GCGGG  CCCGC  -1.60   0.05     57  -1.78   0.04     57   2.34   0.56     57  -1.73   0.45     57  32.30   0.47     57  33.41   0.29     57
  GCGTG  CACGC  -1.62   0.05     67  -1.45   0.03     67   4.71   0.47     67  -2.23   0.38     67  33.34   0.49     67  33.73   0.24     67
  GCTAG  CTAGC  -1.70   0.02      9  -1.46   0.02      9  -2.24   0.50      9   4.03   1.17      9  31.36   0.19      9  34.66   0.36      9
  GCTCG  CGAGC  -1.73   0.04     39  -1.47   0.04     39  -2.22   0.77     39  -1.22   0.63     39  31.41   0.33     39  35.31   0.42     39
  GCTGG  CCAGC  -1.69   0.05     22  -1.49   0.05     64  -2.45   0.57     22   2.75   0.58     64  30.94   0.22     22  34.09   0.28     64
  GCTTG  CAAGC  -1.77   0.03     11  -1.23   0.02     11  -2.39   0.44     11  -3.44   0.55     11  32.11   0.20     11  34.57   0.26     11
  GGAAG  CTTCC  -1.55   0.10      8  -1.26   0.03    171  -0.61   1.03      8  -3.81   0.81    171  35.39   1.27      8  35.02   0.35    171
  GGACC  GGTCC  -1.44   0.07      8  -1.56   0.04      7  -2.12   0.58      8  -3.32   0.69      7  35.80   0.56      8  34.71   0.24      7
  GGACG  CGTCC  -1.38   0.04     30  -1.51   0.04     34  -1.80   0.40     30  -2.49   0.49     34  36.13   0.36     30  34.01   0.53     34
  GGAGC  GCTCC  -1.53   0.05     23  -1.73   0.04     31  -1.59   0.73     23  -2.75   0.58     31  35.75   0.55     23  31.38   0.24     31
  GGAGG  CCTCC  -1.51   0.04     24  -1.81   0.04    134  -1.91   0.70     24  -3.27   1.09    134  35.57   0.39     24  31.42   0.32    134
  GGATG  CATCC  -1.53   0.06    314  -1.50   0.04    400  -1.14   1.31    314  -4.71   0.87    400  36.16   0.68    314  32.03   0.36    400
  GGCAG  CTGCC  -1.59   0.05     14  -1.47   0.06     18  -1.34   0.41     14   3.38   1.41     18  36.22   0.40     14  33.75   0.66     18
  GGCCG  CGGCC  -1.60   0.05     32  -1.74   0.04     32  -2.00   0.48     32  -1.30   0.50     32  36.85   0.43     32  33.23   0.39     32
  GGCGC  GCGCC  -1.57   0.05    114  -1.58   0.04    115  -1.71   1.36    114   2.85   0.50    115  36.24   0.66    114  32.32   0.33    115
  GGCGG  CCGCC  -1.57   0.04     12  -1.62   0.04     13  -2.02   0.55     12   1.79   0.52     13  36.31   0.24     12  32.31   0.27     13
  GGCTG  CAGCC  -1.66   0.04     21  -1.69   0.03     20  -2.29   0.54     21  -2.64   0.65     20  37.17   0.36     21  31.16   0.34     20
  GGGAG  CTCCC  -1.83   0.04     17  -1.56   0.05     58  -1.00   0.53     17  -1.87   0.75     58  33.49   0.68     17  35.58   0.49     58
  GGGCC  GGCCC  -1.82   0.03     21  -1.62   0.03     18  -2.36   0.95     21  -2.40   0.40     18  33.57   0.53     21  36.61   0.28     18
  GGGCG  CGCCC  -1.76   0.04     39  -1.57   0.06     39  -1.63   0.62     39  -1.66   0.52     39  33.85   0.42     39  36.18   0.69     39
  GGGGC  GCCCC  -1.85   0.04     26  -1.80   0.04     29  -2.02   0.59     26  -1.96   0.43     29  33.56   0.42     26  33.68   0.34     29
  GGGGG  CCCCC  -1.86   0.02      9  -1.88   0.04    114  -2.24   0.41      9  -2.41   0.50    114  33.25   0.25      9  33.41   0.46    114
  GGGTG  CACCC  -1.82   0.04     23  -1.54   0.04     41  -1.08   0.84     23  -2.99   0.69     41  34.41   0.39     23  34.14   0.22     41
  GGTAG  CTACC  -1.53   0.03     21  -1.40   0.06     31  -2.63   0.49     21   4.24   1.71     31  34.52   0.26     21  34.30   1.03     31
  GGTCG  CGACC  -1.57   0.04    134  -1.35   0.05    136  -3.50   0.82    134  -2.17   0.80    136  34.74   0.25    134  35.73   0.53    136
  GGTGC  GCACC  -1.51   0.04     32  -1.27   0.07     35  -2.69   0.54     32   2.97   0.67     35  34.16   0.19     32  34.26   0.65     35
  GGTGG  CCACC  -1.49   0.03     19  -1.33   0.07     27  -2.55   0.51     19   2.46   0.49     27  33.92   0.25     19  34.27   0.41     27
  GGTTG  CAACC  -1.58   0.01      8  -1.34   0.24     32  -3.18   0.55      8  -2.06   1.70     32  35.52   0.31      8  31.89   3.25     32
  GTAAC  GTTAC  -1.28   0.07     43  -1.14   0.06     43   5.89   1.08     43  -2.71   0.75     43  34.23   0.95     43  35.06   0.40     43
  GTAAG  CTTAC  -1.33   0.04     43  -1.26   0.03     42   5.90   0.92     43  -3.24   1.00     42  34.34   0.53     43  34.87   0.49     42
  GTACC  GGTAC  -1.32   0.05     83  -1.51   0.03     47   4.32   1.14     83  -2.37   0.79     47  34.23   0.58     83  34.34   0.30     47
  GTACG  CGTAC  -1.30   0.07    125  -1.47   0.04     42   4.68   0.86    125  -2.11   0.66     42  34.20   0.63    125  33.97   0.32     42
  GTAGC  GCTAC  -1.36   0.07     38  -1.71   0.05     38   4.45   1.61     38  -2.28   1.12     38  34.48   0.66     38  31.25   0.35     38
  GTAGG  CCTAC  -1.38   0.05     24  -1.76   0.03     24   4.46   1.16     24  -2.71   0.60     24  34.06   0.69     24  31.41   0.28     24
  GTATG  CATAC  -1.38   0.04     20  -1.45   0.03     20   6.01   0.80     20  -2.99   0.62     20  34.49   0.37     20  31.46   0.23     20
  GTCAG  CTGAC  -1.40   0.06     15  -1.38   0.04     15  -1.29   0.65     15   4.57   0.62     15  35.20   0.57     15  34.37   0.31     15
  GTCCC  GGGAC  -1.41   0.08     26  -1.78   0.04     22  -2.34   0.73     26  -0.93   0.37     22  35.97   0.45     26  33.99   0.27     22
  GTCCG  CGGAC  -1.37   0.04     22  -1.70   0.04     18  -1.73   0.58     22  -0.51   0.54     18  36.17   0.47     22  33.80   0.37     18
  GTCGC  GCGAC  -1.36   0.06    100  -1.52   0.06    100  -1.39   0.48    100   4.64   0.53    100  35.46   0.51    100  32.70   0.63    100
  GTCGG  CCGAC  -1.34   0.05     17  -1.55   0.05     17  -1.52   0.31     17   3.41   0.41     17  35.42   0.34     17  32.81   0.26     17
  GTCTG  CAGAC  -1.41   0.03      5  -1.63   0.02      5  -1.52   0.61      5  -1.18   0.34      5  36.44   0.33      5  31.42   0.16      5
  GTGAC  GTCAC  -1.12   0.08     12  -1.34   0.03     16   4.03   0.60     12  -1.42   0.64     16  34.60   0.25     12  35.33   0.58     16
  GTGAG  CTCAC  -1.26   0.10     14  -1.50   0.04     12   4.33   0.78     14  -0.77   0.39     12  34.48   0.33     14  34.92   0.41     12
  GTGCC  GGCAC  -1.29   0.09     18  -1.54   0.04     17   3.05   0.65     18  -1.35   0.37     17  34.22   0.89     18  36.31   0.28     17
  GTGCG  CGCAC  -1.20   0.06     48  -1.48   0.03     48   3.27   0.60     48  -0.64   0.42     48  34.69   0.41     48  35.54   0.36     48
  GTGGC  GCCAC  -1.33   0.07     30  -1.70   0.06     30   3.09   0.58     30  -1.52   1.98     30  34.20   0.42     30  33.11   1.30     30
  GTGGG  CCCAC  -1.33   0.06     18  -1.76   0.05     38   2.54   0.84     18  -1.85   0.41     38  34.09   0.64     18  33.55   0.42     38
  GTGTG  CACAC  -1.21   0.06      6  -1.43   0.01      6   5.01   0.56      6  -1.37   0.28      6  35.12   0.30      6  33.35   0.18      6
  GTTAG  CTAAC  -1.12   0.06     14  -1.30   0.05     13  -2.89   0.62     14   5.73   0.88     13  35.18   0.45     14  34.54   0.33     13
  GTTCC  GGAAC  -1.13   0.05     42  -1.40   0.05     24  -3.78   0.87     42  -1.77   3.94     24  35.48   0.44     42  36.02   1.20     24
  GTTCG  CGAAC  -1.13   0.09     43  -1.35   0.04     43  -3.31   1.12     43  -0.26   0.60     43  35.58   0.31     43  35.61   0.39     43
  GTTGC  GCAAC  -1.10   0.06     16  -1.13   0.07     16  -2.98   0.41     16   4.66   0.47     16  35.02   0.44     16  34.80   0.32     16
  GTTGG  CCAAC  -1.33   0.25     31  -1.48   0.23     29  -1.94   1.65     31   6.57   3.07     29  31.76   3.22     31  34.44   0.86     29
  GTTTG  CAAAC  -1.12   0.05     70  -1.01   0.04     70  -3.27   0.87     70  -2.42   0.93     70  36.33   0.51     70  35.28   0.34     70
  TAAAA  TTTTA  -1.05   0.03     13  -1.05   0.06     13  -2.46   1.21     13  -2.75   1.19     13  35.60   0.28     13  36.72   0.45     13
  TAAAC  GTTTA  -0.99   0.04     23  -1.07   0.04     23  -1.29   0.81     23  -2.84   0.85     23  35.72   0.29     23  36.40   0.29     23
  TAAAG  CTTTA  -1.07   0.04     12  -1.25   0.04     12  -1.56   0.72     12  -3.87   0.70     12  35.70   0.32     12  36.11   0.22     12
  TAACA  TGTTA  -1.09   0.06     10  -1.51   0.04      9  -2.39   1.14     10  -2.47   1.01      9  35.32   0.61     10  34.78   0.29      9
  TAACC  GGTTA  -1.15   0.03     28  -1.58   0.04     16  -3.03   0.57     28  -3.26   0.73     16  35.08   0.36     28  35.30   0.42     16
  TAACG  CGTTA  -1.09   0.03     55  -1.51   0.03     53  -2.63   0.93     55  -2.83   0.84     53  35.27   0.30     55  34.89   0.43     53
  TAAGA  TCTTA  -1.28   0.11     25  -1.78   0.06     23  -3.37   0.95     25  -2.51   1.32     23  34.89   1.18     25  32.43   0.56     23
  TAAGC  GCTTA  -1.26   0.03     21  -1.77   0.04     21  -2.87   0.72     21  -2.56   0.77     21  34.85   0.46     21  32.17   0.35     21
  TAAGG  CCTTA  -1.27   0.04     10  -1.84   0.04     10  -3.71   1.00     10  -4.02   1.28     10  34.66   0.33     10  32.34   0.32     10
  TAATA  TATTA  -1.19   0.04    120  -1.53   0.04    120  -2.19   1.59    120  -3.92   1.63    120  35.37   0.53    120  32.48   0.59    120
  TAATC  GATTA  -1.23   0.05    391  -1.53   0.04    391  -2.32   1.90    391  -4.51   1.51    391  35.28   0.77    391  32.72   0.56    391
  TAATG  CATTA  -1.20   0.05    140  -1.51   0.06    140  -2.15   1.37    140  -4.86   1.85    140  35.43   0.52    140  32.40   0.69    140
  TACAA  TTGTA  -1.47   0.05     23  -1.14   0.11     23  -1.49   0.82     23   5.80   1.08     23  33.40   0.42     23  35.27   0.47     23
  TACAC  GTGTA  -1.45   0.07     24  -1.21   0.11     24  -2.01   1.71     24   3.40   1.01     24  33.60   0.40     24  34.99   0.55     24
  TACAG  CTGTA  -1.49   0.04     56  -1.39   0.08     56  -1.95   0.65     56   3.96   1.14     56  33.82   0.35     56  34.82   0.63     56
  TACCA  TGGTA  -1.51   0.03     39  -1.69   0.04     38  -2.45   0.56     39  -0.68   0.56     38  34.38   0.23     39  34.30   0.37     38
  TACCC  GGGTA  -1.56   0.09    168  -1.82   0.04    165  -3.44   1.69    168  -1.79   1.13    165  34.53   0.40    168  34.33   0.50    165
  TACCG  CGGTA  -1.52   0.04     37  -1.71   0.04     37  -2.35   0.57     37  -0.83   0.49     37  34.43   0.25     37  34.27   0.32     37
  TACGA  TCGTA  -1.47   0.03    171  -1.50   0.06    171  -1.92   0.81    171   4.91   0.96    171  33.57   0.32    171  33.73   0.43    171
  TACGC  GCGTA  -1.49   0.04     63  -1.61   0.05     61  -2.07   0.53     63   4.31   0.41     61  33.93   0.39     63  33.14   0.56     61
  TACGG  CCGTA  -1.46   0.04      8  -1.59   0.08      8  -2.19   0.66      8   2.74   1.29      8  33.73   0.28      8  33.27   0.44      8
  TACTC  GAGTA  -1.69   0.09     28  -1.76   0.05     28  -3.67   2.84     28  -2.76   2.33     28  34.56   0.31     28  31.76   0.76     28
  TACTG  CAGTA  -1.63   0.05     29  -1.69   0.06     35  -2.15   0.99     29  -1.74   1.00     35  34.47   0.42     29  31.52   0.46     35
  TAGAA  TTCTA  -1.64   0.05      4  -1.41   0.09      4  -1.40   0.37      4  -0.49   0.35      4  31.57   0.28      4  36.55   0.64      4
  TAGAC  GTCTA  -1.67   0.07     17  -1.46   0.05     14  -1.45   0.89     17  -1.45   0.39     14  31.64   0.46     17  36.16   0.25     14
  TAGAG  CTCTA  -1.72   0.06     13  -1.61   0.09      9  -1.35   0.72     13  -0.44   1.30      9  31.40   0.30     13  35.31   1.11      9
  TAGCA  TGCTA  -1.67   0.04     15  -1.64   0.04     15  -2.09   0.69     15  -1.50   0.64     15  31.39   0.24     15  36.48   0.31     15
  TAGCC  GGCTA  -1.71   0.03     23  -1.65   0.03     20  -2.77   1.29     23  -2.39   0.93     20  31.35   0.40     23  37.31   0.34     20
  TAGCG  CGCTA  -1.69   0.03     12  -1.62   0.03     12  -2.20   0.57     12  -1.71   0.35     12  31.38   0.27     12  36.72   0.18     12
  TAGGA  TCCTA  -1.74   0.04     11  -1.81   0.04     11  -2.51   0.50     11  -0.97   0.34     11  31.66   0.17     11  34.64   0.28     11
  TAGGC  GCCTA  -1.76   0.03     17  -1.86   0.04     17  -2.47   0.58     17  -1.96   0.62     17  31.51   0.20     17  34.04   0.38     17
  TAGGG  CCCTA  -1.76   0.03      8  -1.89   0.03      8  -2.67   0.61      8  -2.27   0.50      8  31.16   0.20      8  34.12   0.38      8
  TAGTA  TACTA  -1.67   0.05     27  -1.60   0.03     27  -1.21   0.84     27  -2.12   0.96     27  31.63   0.38     27  34.42   0.40     27
  TAGTC  GACTA  -1.72   0.05     24  -1.64   0.05     24  -1.00   1.14     24  -2.07   0.91     24  31.53   0.44     24  34.57   0.34     24
  TAGTG  CACTA  -1.73   0.06     11  -1.62   0.06      9  -1.38   1.11     11  -2.73   0.73      9  31.70   0.75     11  34.28   0.22      9
  TATAA  TTATA  -1.49   0.02     45  -1.34   0.08     43  -3.01   1.55     45   7.31   2.17     43  31.78   0.43     45  34.57   0.82     43
  TATAC  GTATA  -1.47   0.03     34  -1.36   0.09     40  -2.80   0.75     34   5.60   1.16     40  31.78   0.29     34  34.63   0.46     40
  TATAG  CTATA  -1.50   0.03     14  -1.44   0.04     14  -3.10   0.80     14   5.66   1.40     14  31.96   0.28     14  34.63   0.46     14
  TATCA  TGATA  -1.48   0.03     82  -1.50   0.05     82  -3.40   1.12     82  -1.13   1.14     82  31.94   0.49     82  35.75   0.59     82
  TATCC  GGATA  -1.52   0.05     44  -1.54   0.07     30  -4.17   1.05     44  -1.31   1.84     30  32.31   0.40     44  36.04   0.83     30
  TATCG  CGATA  -1.49   0.02     18  -1.47   0.03     18  -3.35   0.59     18  -0.47   0.66     18  31.89   0.36     18  35.68   0.46     18
  TATGA  TCATA  -1.45   0.04    126  -1.33   0.08    128  -3.24   1.43    126   4.95   1.27    128  31.46   0.40    126  35.10   0.36    128
  TATGC  GCATA  -1.46   0.03     17  -1.39   0.06     16  -2.97   0.66     17   5.20   1.08     16  31.62   0.32     17  34.78   0.37     16
  TATGG  CCATA  -1.44   0.02     17  -1.40   0.06     17  -2.84   0.76     17   3.24   1.11     17  31.26   0.24     17  34.97   0.33     17
  TATTC  GAATA  -1.54   0.05     13  -1.19   0.05     13  -4.85   1.59     13  -3.10   1.11     13  32.92   0.51     13  35.93   0.46     13
  TATTG  CAATA  -1.54   0.04     51  -1.18   0.03     51  -3.90   1.03     51  -2.87   1.00     51  32.40   0.58     51  35.12   0.39     51
  TCAAC  GTTGA  -1.10   0.11     19  -1.12   0.05     19   5.39   0.51     19  -3.34   0.70     19  34.69   0.23     19  34.93   0.29     19
  TCAAG  CTTGA  -1.26   0.14     15  -1.23   0.03     15   5.51   1.77     15  -3.44   0.55     15  34.53   0.76     15  34.76   0.31     15
  TCACC  GGTGA  -1.34   0.06     31  -1.54   0.04     17   3.82   1.10     31  -3.21   0.83     17  34.15   0.34     31  34.04   0.21     17
  TCACG  CGTGA  -1.17   0.06     27  -1.45   0.03     26   4.27   0.43     27  -2.49   0.45     26  34.66   0.33     27  33.80   0.22     26
  TCAGA  TCTGA  -1.41   0.06     22  -1.68   0.04     23   4.43   1.41     22  -1.76   0.84     23  34.38   0.43     22  31.28   0.23     23
  TCAGC  GCTGA  -1.38   0.06     20  -1.67   0.04     20   4.93   0.90     20  -2.00   0.68     20  34.29   0.44     20  31.14   0.28     20
  TCAGG  CCTGA  -1.46   0.06      9  -1.76   0.03      9   3.63   0.84      9  -3.12   0.60      9  34.07   0.33      9  30.94   0.47      9
  TCATC  GATGA  -1.52   0.08    491  -1.49   0.04    491   4.02   2.02    491  -4.68   0.96    491  34.64   0.64    491  32.03   0.36    491
  TCATG  CATGA  -1.43   0.05     83  -1.46   0.03     13   5.91   0.64     83  -4.44   0.66     13  35.00   0.31     83  31.75   0.32     13
  TCCAC  GTGGA  -1.73   0.04     66  -1.31   0.05     45  -0.49   0.39     66   2.75   0.50     45  33.75   0.32     66  34.34   0.52     45
  TCCAG  CTGGA  -1.79   0.05    182  -1.50   0.05    104  -0.76   0.63    182   2.80   0.97    104  33.74   0.48    182  33.98   0.51    104
  TCCCC  GGGGA  -1.85   0.04     65  -1.86   0.03      8  -1.23   0.31     65  -2.33   0.21      8  33.65   0.24     65  33.55   0.18      8
  TCCCG  CGGGA  -1.75   0.03      8  -1.73   0.03      8  -0.91   0.51      8  -1.93   0.49      8  34.12   0.24      8  33.56   0.31      8
  TCCGC  GCGGA  -1.74   0.07     42  -1.60   0.05     42  -0.89   2.18     42   2.40   0.70     42  33.51   0.96     42  32.42   0.41     42
  TCCGG  CCGGA  -1.70   0.03      6  -1.62   0.05      6  -0.62   0.86      6   1.31   1.16      6  33.60   0.29      6  32.84   0.39      6
  TCCTC  GAGGA  -1.88   0.04     23  -1.78   0.03     20  -1.37   0.70     23  -2.86   0.60     20  34.17   0.41     23  31.53   0.21     20
  TCCTG  CAGGA  -1.89   0.05     15  -1.76   0.05     13  -1.05   0.77     15  -2.79   0.94     13  34.22   0.43     15  31.21   0.24     13
  TCGAC  GTCGA  -1.51   0.09     20  -1.34   0.04     17   5.38   0.72     20  -1.63   0.78     17  33.06   0.45     20  35.51   0.36     17
  TCGAG  CTCGA  -1.60   0.07     55  -1.48   0.08     20   5.47   0.59     55  -1.20   0.81     20  33.01   0.31     55  35.17   0.73     20
  TCGCC  GGCGA  -1.56   0.05     57  -1.56   0.03     27   3.27   0.50     57  -1.65   0.29     27  32.60   0.32     57  36.20   0.25     27
  TCGCG  CGCGA  -1.55   0.05    254  -1.53   0.03      9   4.50   0.46    254  -1.33   0.56      9  32.65   0.41    254  35.66   0.33      9
  TCGGA  TCCGA  -1.53   0.06      7  -1.72   0.06      6   3.14   0.85      7  -0.81   0.58      6  32.77   0.25      7  33.64   0.29      6
  TCGGC  GCCGA  -1.61   0.07     10  -1.77   0.06      9   3.91   0.76     10  -0.99   0.60      9  32.47   0.35     10  32.95   0.55      9
  TCGGG  CCCGA  -1.55   0.05      9  -1.76   0.02      9   3.35   0.45      9  -1.75   0.55      9  32.86   0.24      9  33.58   0.22      9
  TCGTC  GACGA  -1.59   0.06     21  -1.49   0.04     21   4.81   0.82     21  -2.39   0.73     21  33.65   0.34     21  34.18   0.24     21
  TCGTG  CACGA  -1.52   0.03      4  -1.44   0.01      4   5.80   0.34      4  -2.18   0.54      4  33.99   0.30      4  33.77   0.18      4
  TCTAC  GTAGA  -1.66   0.05     11  -1.33   0.07     11  -2.44   3.66     11   4.12   2.01     11  30.99   1.44     11  34.42   0.44     11
  TCTAG  CTAGA  -1.69   0.06      7  -1.44   0.04      7  -1.22   0.64      7   5.27   0.85      7  31.57   0.25      7  34.35   0.41      7
  TCTCC  GGAGA  -1.76   0.04    106  -1.51   0.06     16  -2.23   0.57    106  -2.03   0.71     16  31.48   0.31    106  35.79   0.50     16
  TCTCG  CGAGA  -1.72   0.05     24  -1.47   0.04     21  -1.90   1.34     24  -1.21   0.75     21  31.51   0.83     24  35.18   0.42     21
  TCTGC  GCAGA  -1.67   0.04     13  -1.43   0.04      9  -1.20   0.69     13   4.10   0.86      9  31.17   0.26     13  33.98   0.28      9
  TCTGG  CCAGA  -1.73   0.05     27  -1.50   0.06     66  -2.71   0.63     27   2.85   1.14     66  31.02   0.23     27  33.91   0.61     66
  TCTTC  GAAGA  -1.78   0.05     19  -1.26   0.04     18  -2.28   1.35     19  -3.52   1.10     18  32.42   0.38     19  35.03   0.54     18
  TCTTG  CAAGA  -1.74   0.04     15  -1.21   0.03     15  -1.59   0.62     15  -3.37   0.58     15  32.47   0.32     15  34.77   0.22     15
  TGAAC  GTTCA  -1.41   0.07     18  -1.11   0.04     18   0.09   0.56     18  -2.98   0.75     18  35.12   0.53     18  35.57   0.26     18
  TGAAG  CTTCA  -1.48   0.05     13  -1.26   0.04     13   0.22   0.89     13  -3.01   0.82     13  35.10   0.94     13  35.14   0.66     13
  TGACA  TGTCA  -1.38   0.06     66  -1.52   0.04     74  -1.53   1.13     66  -2.49   0.61     74  35.30   0.76     66  34.20   0.39     74
  TGACC  GGTCA  -1.41   0.05    144  -1.57   0.04    141  -2.01   0.72    144  -3.46   0.74    141  35.47   0.41    144  34.83   0.25    141
  TGACG  CGTCA  -1.38   0.04     45  -1.49   0.03     47  -1.16   0.59     45  -2.40   0.51     47  35.16   0.41     45  34.29   0.26     47
  TGAGA  TCTCA  -1.49   0.05      6  -1.68   0.07      6  -1.29   0.99      6  -2.02   1.24      6  35.17   0.43      6  31.77   0.19      6
  TGAGC  GCTCA  -1.54   0.05     33  -1.73   0.04     33  -0.90   0.91     33  -2.11   0.76     33  34.81   0.52     33  31.45   0.26     33
  TGAGG  CCTCA  -1.54   0.03      9  -1.79   0.03      9  -0.98   0.40      9  -2.49   0.50      9  34.61   0.19      9  31.54   0.28      9
  TGATC  GATCA  -1.56   0.06    106  -1.51   0.04    106  -1.37   1.37    106  -4.67   1.11    106  35.60   0.75    106  32.48   0.37    106
  TGATG  CATCA  -1.54   0.06    223  -1.47   0.04    223  -0.46   1.37    223  -3.98   1.36    223  35.36   0.77    223  31.93   0.54    223
  TGCAC  GTGCA  -1.50   0.05     23  -1.20   0.08     23  -0.76   0.54     23   2.85   0.73     23  35.46   0.39     23  34.64   0.40     23
  TGCAG  CTGCA  -1.51   0.06     11  -1.37   0.06     13  -0.70   0.53     11   3.43   0.63     13  35.64   0.49     11  34.50   0.37     13
  TGCCC  GGGCA  -1.59   0.04     38  -1.77   0.04     28  -1.81   0.41     38  -1.78   0.38     28  36.27   0.27     38  33.82   0.27     28
  TGCCG  CGGCA  -1.56   0.05     24  -1.70   0.04     26  -1.38   0.41     24  -1.26   0.34     26  36.20   0.28     24  33.58   0.37     26
  TGCGA  TCGCA  -1.51   0.02      5  -1.46   0.08      5  -0.91   0.70      5   4.16   0.93      5  35.53   0.33      5  33.31   0.35      5
  TGCGC  GCGCA  -1.51   0.04     84  -1.51   0.04     84  -0.67   0.56     84   3.54   0.79     84  35.52   0.34     84  32.79   0.42     84
  TGCGG  CCGCA  -1.47   0.02      9  -1.54   0.05      9  -0.88   0.47      9   2.75   0.70      9  35.63   0.30      9  33.13   0.19      9
  TGCTC  GAGCA  -1.66   0.04     41  -1.71   0.03     41  -2.29   0.80     41  -2.44   0.74     41  36.61   0.54     41  31.46   0.27     41
  TGCTG  CAGCA  -1.64   0.04     18  -1.64   0.04     18  -1.51   0.82     18  -1.86   0.93     18  36.65   0.44     18  31.23   0.34     18
  TGGAC  GTCCA  -1.68   0.08     20  -1.39   0.10     17  -0.37   0.50     20  -2.08   0.71     17  33.79   0.45     20  36.11   0.60     17
  TGGAG  CTCCA  -1.78   0.05     19  -1.50   0.05     23  -0.86   1.84     19  -1.81   0.72     23  33.85   0.79     19  35.80   0.53     23
  TGGCA  TGCCA  -1.71   0.06     32  -1.58   0.04     34  -1.33   0.65     32  -1.81   0.46     34  33.34   0.82     32  36.44   0.29     34
  TGGCC  GGCCA  -1.76   0.05     33  -1.60   0.04     22  -1.76   0.53     33  -2.42   0.51     22  33.23   0.57     33  37.04   0.43     22
  TGGCG  CGCCA  -1.73   0.05     32  -1.56   0.04     48  -1.66   1.84     32  -1.90   2.00     48  33.36   1.11     32  36.34   0.76     48
  TGGGA  TCCCA  -1.83   0.08     58  -1.83   0.06     74  -1.55   1.61     58  -0.93   1.09     74  33.23   0.93     58  33.69   0.78     74
  TGGGC  GCCCA  -1.78   0.06     25  -1.78   0.05     23  -2.07   1.66     25  -1.99   1.14     23  33.45   0.65     25  33.75   0.61     23
  TGGGG  CCCCA  -1.82   0.04     24  -1.86   0.04     24  -1.74   0.53     24  -2.10   0.63     24  33.26   0.26     24  33.49   0.50     24
  TGGTC  GACCA  -1.75   0.05     49  -1.54   0.03     49  -0.69   0.52     49  -2.73   0.47     49  34.30   0.35     49  34.68   0.24     49
  TGGTG  CACCA  -1.73   0.05     14  -1.50   0.03     14  -0.68   0.66     14  -2.83   0.56     14  34.81   0.39     14  34.27   0.22     14
  TGTAC  GTACA  -1.47   0.04     89  -1.26   0.07     89  -1.75   0.67     89   4.26   1.29     89  33.68   0.35     89  34.52   0.62     89
  TGTAG  CTACA  -1.48   0.11      8  -1.29   0.11      8  -3.23   2.57      8   3.24   3.18      8  33.91   0.57      8  35.06   1.14      8
  TGTCC  GGACA  -1.54   0.05     68  -1.35   0.07     28  -2.88   0.86     68  -2.20   0.87     28  34.09   0.77     68  36.22   0.57     28
  TGTCG  CGACA  -1.50   0.04     27  -1.31   0.04     27  -2.39   0.56     27  -1.70   0.53     27  34.23   0.29     27  35.73   0.41     27
  TGTGA  TCACA  -1.48   0.03     10  -1.19   0.10     10  -2.33   0.46     10   3.97   0.62     10  33.59   0.26     10  34.48   0.39     10
  TGTGC  GCACA  -1.45   0.03     17  -1.16   0.06     17  -1.85   0.52     17   3.31   0.56     17  33.55   0.22     17  35.01   0.25     17
  TGTGG  CCACA  -1.46   0.05      6  -1.27   0.07      7  -1.82   0.87      6   2.59   0.68      7  33.07   0.48      6  34.79   0.48      7
  TGTTC  GAACA  -1.55   0.04     68  -1.09   0.04     68  -2.74   1.24     68  -3.14   1.08     68  34.81   0.56     68  35.68   0.36     68
  TGTTG  CAACA  -1.54   0.05      9  -1.07   0.04      9  -2.50   0.47      9  -2.78   0.48      9  34.70   0.45      9  35.19   0.36      9
  TTAAA  TTTAA  -1.09   0.18      8  -1.05   0.04      8   5.72   1.47      8  -3.00   1.04      8  34.67   0.80      8  35.63   0.25      8
  TTAAC  GTTAA  -1.22   0.14     58  -1.14   0.07     58   7.53   1.88     58  -2.86   1.15     58  34.36   0.66     58  35.05   0.50     58
  TTAAG  CTTAA  -1.27   0.10      5  -1.29   0.07      5   6.23   1.27      5  -3.71   1.20      5  34.81   0.64      5  34.68   0.56      5
  TTACA  TGTAA  -1.29   0.08     30  -1.50   0.03     29   6.03   1.65     30  -2.10   1.02     29  34.60   0.68     30  33.74   0.46     29
  TTACC  GGTAA  -1.34   0.12    250  -1.56   0.10    214   5.01   2.19    250  -3.71   1.85    214  34.64   1.18    250  34.56   0.47    214
  TTACG  CGTAA  -1.25   0.08    246  -1.47   0.03    178   6.35   1.40    246  -1.95   0.81    178  34.26   0.76    246  33.58   0.32    178
  TTAGA  TCTAA  -1.32   0.07     10  -1.67   0.06     10   6.26   0.90     10  -1.11   0.68     10  34.40   0.36     10  31.27   0.25     10
  TTAGC  GCTAA  -1.36   0.05     17  -1.70   0.03     16   5.63   0.71     17  -2.69   0.55     16  34.68   0.38     17  31.43   0.26     16
  TTAGG  CCTAA  -1.30   0.05      4  -1.71   0.01      4   5.87   1.51      4  -2.83   0.55      4  34.35   0.61      4  31.45   0.13      4
  TTATC  GATAA  -1.35   0.11     78  -1.49   0.03     78   7.32   2.30     78  -3.54   1.15     78  34.59   1.61     78  31.94   0.52     78
  TTATG  CATAA  -1.33   0.10    141  -1.45   0.04    141   7.92   2.28    141  -3.28   1.47    141  34.54   0.95    141  31.48   0.45    141
  TTCAC  GTGAA  -1.44   0.07     10  -1.17   0.04     10   0.69   0.68     10   4.07   0.52     10  34.80   0.98     10  34.78   0.35     10
  TTCAG  CTGAA  -1.42   0.09      6  -1.35   0.06      5   0.57   1.01      6   5.37   1.41      5  35.08   0.80      6  34.21   0.56      5
  TTCCA  TGGAA  -1.48   0.06     72  -1.77   0.05     62  -0.69   0.84     72  -0.87   0.57     62  36.04   0.60     72  33.80   0.40     62
  TTCCC  GGGAA  -1.51   0.05    290  -1.82   0.10     26  -0.97   0.81    290  -1.61   0.88     26  36.01   0.57    290  33.66   1.12     26
  TTCCG  CGGAA  -1.40   0.05     15  -1.70   0.04     15  -1.80   5.04     15  -1.46   3.15     15  35.82   1.43     15  34.24   1.57     15
  TTCGA  TCGAA  -1.47   0.08     15  -1.58   0.10     15   0.19   0.72     15   5.38   0.70     15  34.95   0.75     15  32.98   0.34     15
  TTCGC  GCGAA  -1.39   0.06     90  -1.53   0.04     88  -0.23   0.67     90   3.79   0.66     88  35.53   0.41     90  32.71   0.27     88
  TTCGG  CCGAA  -1.40   0.06     10  -1.58   0.05      7  -0.53   0.49     10   2.76   0.93      7  35.61   0.46     10  32.67   0.17      7
  TTCTC  GAGAA  -1.58   0.05     26  -1.75   0.04     26  -1.63   1.85     26  -2.79   1.01     26  36.61   0.68     26  31.51   0.81     26
  TTCTG  CAGAA  -1.49   0.07     36  -1.67   0.04     36  -0.54   0.93     36  -1.90   0.83     36  36.46   0.63     36  31.59   0.31     36
  TTGAA  TTCAA  -1.09   0.11     28  -1.46   0.07     28   5.46   1.05     28   0.18   0.69     28  34.59   0.62     28  34.80   0.64     28
  TTGAC  GTCAA  -1.20   0.12     68  -1.43   0.08     65   6.83   1.23     68  -0.77   0.87     65  34.61   0.31     68  34.78   0.58     65
  TTGAG  CTCAA  -1.13   0.06     12  -1.54   0.06     12   5.89   1.10     12  -0.68   1.24     12  34.65   0.31     12  34.56   0.58     12
  TTGCA  TGCAA  -1.23   0.12     24  -1.54   0.05     24   4.60   1.04     24  -1.25   0.78     24  34.61   0.90     24  35.49   0.42     24
  TTGCC  GGCAA  -1.36   0.09     50  -1.60   0.06     40   3.97   1.13     50  -2.26   0.83     40  34.50   0.49     50  36.34   0.31     40
  TTGCG  CGCAA  -1.21   0.09     18  -1.51   0.02     16   4.82   0.44     18  -0.77   0.30     16  34.85   0.29     18  35.42   0.23     16
  TTGGA  TCCAA  -1.29   0.09     24  -1.74   0.06     24   2.70   2.98     24  -1.03   1.24     24  34.57   0.66     24  33.66   0.42     24
  TTGGC  GCCAA  -1.33   0.09     12  -1.75   0.05     12   4.45   0.72     12  -1.23   0.58     12  34.72   0.35     12  33.00   0.97     12
  TTGGG  CCCAA  -1.51   0.19     31  -1.86   0.09     31   6.64   2.94     31  -0.64   1.97     31  34.28   0.81     31  32.76   1.13     31
  TTGTC  GACAA  -1.19   0.13     15  -1.50   0.05     15   6.28   1.05     15  -1.95   0.65     15  34.98   0.39     15  33.76   0.26     15
  TTGTG  CACAA  -1.29   0.11     14  -1.46   0.04     14   6.07   0.76     14  -2.40   0.81     14  35.72   0.49     14  33.59   0.52     14
  TTTAC  GTAAA  -1.06   0.04    208  -1.24   0.09    208  -0.99   1.11    208   6.47   1.59    208  35.53   0.45    208  34.25   0.72    208
  TTTAG  CTAAA  -1.03   0.07      9  -1.33   0.05      8  -1.41   1.21      9   6.08   0.94      8  35.72   0.25      9  34.35   0.51      8
  TTTCA  TGAAA  -1.03   0.05     13  -1.44   0.07     13  -1.64   0.91     13   0.49   0.98     13  35.90   0.41     13  34.89   0.91     13
  TTTCC  GGAAA  -1.07   0.07    298  -1.44   0.06     30  -3.36   1.17    298  -1.41   0.94     30  35.97   0.63    298  36.46   0.58     30
  TTTCG  CGAAA  -1.09   0.04     24  -1.38   0.05     24  -2.61   0.93     24  -0.38   0.70     24  35.88   0.37     24  35.62   0.48     24
  TTTGA  TCAAA  -1.04   0.06     79  -1.16   0.12     79  -2.67   1.10     79   5.24   1.58     79  35.30   0.30     79  34.64   0.67     79
  TTTGC  GCAAA  -1.08   0.10     17  -1.25   0.05     15  -3.68   1.21     17   3.96   1.28     15  35.29   1.29     17  34.35   0.50     15
  TTTGG  CCAAA  -1.04   0.05     25  -1.30   0.08     25  -3.10   0.95     25   2.51   2.94     25  35.20   0.26     25  34.57   0.66     25
  TTTTC  GAAAA  -1.05   0.10    104  -1.02   0.08    103  -4.32   1.79    104  -3.67   1.77    103  37.00   0.75    104  36.32   0.81    103
  TTTTG  CAAAA  -1.07   0.05     27  -1.01   0.06     27  -2.76   1.20     27  -2.19   1.23     27  36.92   0.42     27  35.51   0.54     27
